1.457687500000000025e+00
5.415062500000000334e+00
6.770979167000000132e+00
8.706656249999999986e+00
9.321895832999999243e+00
1.134396875000000016e+01
1.198716666700000033e+01
1.700566666699999985e+01
1.955181250000000048e+01
2.045074435925483769e+01
2.140531219972128696e+01
2.242608333300000112e+01
2.508549999999999969e+01
2.643139583299999984e+01
2.781364583299999893e+01
2.901537499999999881e+01
3.028408333300000166e+01
3.184199999999999875e+01
3.367314583299999953e+01
3.900739583299999680e+01
4.146293750000000244e+01
4.397960416699999797e+01
4.743860416700000115e+01
4.808442708350000316e+01
4.873024999999999807e+01
5.117491666699999797e+01
5.230852083300000288e+01
5.299287499999999795e+01
5.367722916700000013e+01
5.709566666700000326e+01
5.764198958350000623e+01
5.818831250000000210e+01
5.924952083299999828e+01
6.039906249999999943e+01
6.152510416700000206e+01
6.316245833299999646e+01
6.546810416700000701e+01
6.800283333299999811e+01
7.068022916699999314e+01
7.399710416700000337e+01
7.816964583300000413e+01
7.885589583300000527e+01
7.954214583300000641e+01
8.203495833300000584e+01
8.337239583299999879e+01
8.488243749999999466e+01
8.836708333299999651e+01
8.946156249999999943e+01
9.155516666699999462e+01
9.257856250000000387e+01
9.356677083300000675e+01
9.574293749999999648e+01
9.682025000000000148e+01
9.787891666699999860e+01
9.892739583300000561e+01
9.936994791649999570e+01
9.981250000000000000e+01
1.007172291669999993e+02
1.016822083330000055e+02
1.026388541670000052e+02
1.035848333330000060e+02
1.046860416669999978e+02
1.053458020834999900e+02
1.060055624999999964e+02
1.090286250000000052e+02
1.102224999999999966e+02
1.112483958330000036e+02
1.121316458329999932e+02
1.132385625000000005e+02
1.139379062499999975e+02
1.146372499999999945e+02
1.188547083330000049e+02
1.206742083329999957e+02
1.223909375000000068e+02
1.232900416669999970e+02
1.239873750000000001e+02
1.247979166669999955e+02
1.255587083329999984e+02
1.271573958329999954e+02
1.287013750000000130e+02
1.294247083330000123e+02
1.300997083329999953e+02
1.308689166670000077e+02
1.316888749999999959e+02
1.333084374999999966e+02
1.349267499999999984e+02
1.356640625000000000e+02
1.363684166669999911e+02
1.370439166669999906e+02
1.378032499999999914e+02
1.392463958330000082e+02
1.408134166670000127e+02
1.415051458330000003e+02
1.421018750000000068e+02
1.429680625000000020e+02
1.440606666669999925e+02
1.454394791670000018e+02
1.468351250000000050e+02
1.475012291669999911e+02
1.481973749999999939e+02
1.489165624999999977e+02
1.496073125000000061e+02
1.503437708330000078e+02
1.507005208329999846e+02
1.510572708329999898e+02
1.513825520830000073e+02
1.517078333329999964e+02
1.520748645829999930e+02
1.524418958329999896e+02
1.531475833330000000e+02
1.544848125000000039e+02
1.552190208330000019e+02
1.572195000000000107e+02
1.579201874999999973e+02
1.585875833329999978e+02
1.591826458330000094e+02
1.598044375000000059e+02
1.604685000000000059e+02
1.624613333329999989e+02
1.631280833330000064e+02
1.637013750000000130e+02
1.643198125000000118e+02
1.649853750000000048e+02
1.657051874999999939e+02
1.679045000000000130e+02
1.686513958330000094e+02
1.694581041669999877e+02
1.700953333330000135e+02
1.708045625000000030e+02
1.715534166669999934e+02
1.733729166669999984e+02
1.740413746898497607e+02
1.747402733955383098e+02
1.754770624999999882e+02
1.789956249999999898e+02
1.805645416669999861e+02
1.816349479170000052e+02
1.819895416669999975e+02
1.835304583330000128e+02
1.850131250000000023e+02
1.865327291670000136e+02
1.876880833335000034e+02
1.880762916669999925e+02
1.888296875000000057e+02
1.896481249999999932e+02
1.904136041669999884e+02
1.911489166670000088e+02
1.925706874999999911e+02
1.935543854164999971e+02
1.938587083330000098e+02
1.952039791670000000e+02
1.966374999999999886e+02
1.981191666670000018e+02
1.992134062499999914e+02
1.995807916669999997e+02
2.011238958330000060e+02
2.023065104165000037e+02
2.027330208330000119e+02
2.048846041669999920e+02
2.055286874999999895e+02
2.062547083329999964e+02
2.068974583330000030e+02
2.075224374999999952e+02
2.082175833329999932e+02
2.103429999999999893e+02
2.109951874999999859e+02
2.116421666669999979e+02
2.122833333330000016e+02
2.128738333329999932e+02
2.135213124999999934e+02
2.141960625000000107e+02
2.147632708330000071e+02
2.153786666670000045e+02
2.159980833330000110e+02
2.166036458330000016e+02
2.172375416669999879e+02
2.178565416669999877e+02
2.184524791670000070e+02
2.190311041669999952e+02
2.196585833329999957e+02
2.202431249999999920e+02
2.208326250000000073e+02
2.214511041670000111e+02
2.220990625000000023e+02
2.227510416670000097e+02
2.234973750000000052e+02
2.241162500000000080e+02
2.247025833330000069e+02
2.252517916669999920e+02
2.258511666670000011e+02
2.264742500000000121e+02
2.270457499999999982e+02
2.276631041670000002e+02
2.283419166669999925e+02
2.289359166669999865e+02
2.295262708330000123e+02
2.301053750000000093e+02
2.307586875000000077e+02
2.314187708329999964e+02
2.322743125000000077e+02
2.332040833329999998e+02
2.341073125000000061e+02
2.355630208329999959e+02
2.370083750000000009e+02
2.377649999999999864e+02
2.385570416669999929e+02
2.394194791669999915e+02
2.407220208329999878e+02
2.422343958330000078e+02
2.436043124999999918e+02
2.442833750000000066e+02
2.450228541669999913e+02
2.459647708329999887e+02
2.473612916669999890e+02
2.509507708330000071e+02
2.545368541670000013e+02
2.585393124999999941e+02
2.624613749999999754e+02
2.632189374999999814e+02
2.641309583330000237e+02
2.649690208330000019e+02
2.657711666669999886e+02
2.662062916669999595e+02
2.666414166669999872e+02
2.670273437500000000e+02
2.674132708330000128e+02
2.683146249999999782e+02
2.691910624999999868e+02
2.699805208330000141e+02
2.704132708330000128e+02
2.708460208330000114e+02
2.712058749999999918e+02
2.715657291669999722e+02
2.720091979169999945e+02
2.724526666670000168e+02
2.732656666670000050e+02
2.736373750000000200e+02
2.738232291664999707e+02
2.740090833329999782e+02
2.748540416669999900e+02
2.757126250000000027e+02
2.760986979164999866e+02
2.764847708330000273e+02
2.768599375000000009e+02
2.772351041669999745e+02
2.780320624999999950e+02
2.789046666670000150e+02
2.797607083330000250e+02
2.806070416669999759e+02
2.814737499999999955e+02
2.823406875000000014e+02
2.832344583330000205e+02
2.840073541670000168e+02
2.848593958330000078e+02
2.857247499999999718e+02
2.861156145835000189e+02
2.865064791670000091e+02
2.868899583334999761e+02
2.872734375000000000e+02
2.880552291669999931e+02
2.887787291669999945e+02
2.895497708330000250e+02
2.899816041665000057e+02
2.904134374999999864e+02
2.908107916664999948e+02
2.912081458330000032e+02
2.915910729165000248e+02
2.919739999999999895e+02
2.923728645835000179e+02
2.927717291669999895e+02
2.931607500000000073e+02
2.935497708330000250e+02
2.943397916669999859e+02
2.951456458330000032e+02
2.955414166665000266e+02
2.959371874999999932e+02
2.963338125000000218e+02
2.967304374999999936e+02
2.975487083329999791e+02
2.983754791669999804e+02
2.988143958334999866e+02
2.992533124999999927e+02
2.996736666665000257e+02
3.000940208330000019e+02
3.009207291669999904e+02
3.019278125000000159e+02
3.028182916669999827e+02
3.036744583330000182e+02
3.044505208329999846e+02
3.048323333329999514e+02
3.052141458329999750e+02
3.055736979165000093e+02
3.059332499999999868e+02
3.063006666664999784e+02
3.066680833330000269e+02
3.070220416665000016e+02
3.073759999999999764e+02
3.077682708334999688e+02
3.081605416670000182e+02
3.085510416670000495e+02
3.089415416670000241e+02
3.093531145834999734e+02
3.097646874999999795e+02
3.101194479165000075e+02
3.104742083329999787e+02
3.108964791665000007e+02
3.113187500000000227e+02
3.120469791670000177e+02
3.127668333330000223e+02
3.135262708330000123e+02
3.139220729165000421e+02
3.143178750000000150e+02
3.146501770835000116e+02
3.149824791670000081e+02
3.153351666670000100e+02
3.156878541670000118e+02
3.160778333334999957e+02
3.164678124999999795e+02
3.168216041664999807e+02
3.171753958329999818e+02
3.175469895830000269e+02
3.179185833330000150e+02
3.183034062499999663e+02
3.186882291669999745e+02
3.191245729170000232e+02
3.195609166670000150e+02
3.199350000000000023e+02
3.203090833329999896e+02
3.210737291670000104e+02
3.218082708329999946e+02
3.225885833329999741e+02
3.229668854164999630e+02
3.233451875000000086e+02
3.237265729165000039e+02
3.241079583329999991e+02
3.244709687499999973e+02
3.248339791669999954e+02
3.252173645835000002e+02
3.256007500000000050e+02
3.259957395835000398e+02
3.263907291670000177e+02
3.271986875000000055e+02
3.279664791669999886e+02
3.284051770835000070e+02
3.288438750000000255e+02
3.292653958335000084e+02
3.296869166669999913e+02
3.306259375000000205e+02
3.314513749999999845e+02
3.318924479165000321e+02
3.323335208330000228e+02
3.328133854165000116e+02
3.332932500000000005e+02
3.342580208329999891e+02
3.347114479164999921e+02
3.349381614582499651e+02
3.351648749999999950e+02
3.359824791670000081e+02
3.368279375000000186e+02
3.372579895835000343e+02
3.376880416669999931e+02
3.381499895834999734e+02
3.386119375000000105e+02
3.397497500000000059e+02
3.410473333329999832e+02
3.418737708329999805e+02
3.426728333330000282e+02
3.434058541669999727e+02
3.442221250000000055e+02
3.446217708335000225e+02
3.450214166669999827e+02
3.454080208335000179e+02
3.457946249999999964e+02
3.461926041665000184e+02
3.465905833329999837e+02
3.470107916664999834e+02
3.474309999999999832e+02
3.482431041670000127e+02
3.486453229170000441e+02
3.490475416670000186e+02
3.494267916669999750e+02
3.498060416669999881e+02
3.502602291670000341e+02
3.507144166670000232e+02
3.515274791670000241e+02
3.519419583334999970e+02
3.521491979167500403e+02
3.523564375000000268e+02
3.531385000000000218e+02
3.535396979165000175e+02
3.537402968747500154e+02
3.539408958330000132e+02
3.543601458330000469e+02
3.547793958330000237e+02
3.552103541664999966e+02
3.556413125000000264e+02
3.564871666669999968e+02
3.572334999999999923e+02
3.580824583329999768e+02
3.589720624999999927e+02
3.597391458330000091e+02
3.607205000000000155e+02
3.615167500000000018e+02
3.623821666669999786e+02
3.631779791669999895e+02
3.639473750000000223e+02
3.643615520834999870e+02
3.647757291670000086e+02
3.652206250000000409e+02
3.656655208330000164e+02
3.660451874999999973e+02
3.664248541669999781e+02
3.667984687499999836e+02
3.671720833329999891e+02
3.679811041670000122e+02
3.684146145834999970e+02
3.688481249999999818e+02
3.692278749999999832e+02
3.696076249999999845e+02
3.700402291665000121e+02
3.704728333329999828e+02
3.708825729164999530e+02
3.712923124999999800e+02
3.716794999999999618e+02
3.720666875000000005e+02
3.724737604164999993e+02
3.728808333329999982e+02
3.733274687499999800e+02
3.737741041670000186e+02
3.742000104170000441e+02
3.746259166670000127e+02
3.750175312500000473e+02
3.754091458330000250e+02
3.762940208329999905e+02
3.771439791669999977e+02
3.775853333334999888e+02
3.780266874999999800e+02
3.785062812500000291e+02
3.789858750000000214e+02
3.795010104164999802e+02
3.800161458329999959e+02
3.806355208329999869e+02
3.812548958329999778e+02
3.821138750000000073e+02
3.830528125000000159e+02
3.839624791670000263e+02
3.848079166669999722e+02
3.857359999999999900e+02
3.866219375000000014e+02
3.875717500000000086e+02
3.883582291669999904e+02
3.892296458330000064e+02
3.896690520829999969e+02
3.901084583329999873e+02
3.905579791664999902e+02
3.910074999999999932e+02
3.914534479165000107e+02
3.918993958330000282e+02
3.923494791665000321e+02
3.927995624999999791e+02
3.932356770834999793e+02
3.936717916669999795e+02
3.945083958330000087e+02
3.953443750000000136e+02
3.957820208335000416e+02
3.962196666670000127e+02
3.966899375000000418e+02
3.971602083330000141e+02
3.975751979164999739e+02
3.979901874999999905e+02
3.984466770834999920e+02
3.989031666669999936e+02
3.997084791670000072e+02
4.001222916670000131e+02
4.005361041670000191e+02
4.009671770835000189e+02
4.013982500000000186e+02
4.018287083335000034e+02
4.022591666669999881e+02
4.026672708334999697e+02
4.030753750000000082e+02
4.035304895835000139e+02
4.039856041670000195e+02
4.048951875000000200e+02
4.057389583330000278e+02
4.061841979165000112e+02
4.066294374999999945e+02
4.070692604165000148e+02
4.075090833329999782e+02
4.079483749999999986e+02
4.083876666670000191e+02
4.088056145835000166e+02
4.092235625000000141e+02
4.100193750000000250e+02
4.108457083330000046e+02
4.118301041670000018e+02
4.127192499999999882e+02
4.131794583334999516e+02
4.136396666669999718e+02
4.141119479169999522e+02
4.145842291669999895e+02
4.155220625000000041e+02
4.164515833329999737e+02
4.169143958329999577e+02
4.173772083329999987e+02
4.178091875000000073e+02
4.182411666670000159e+02
4.186967187500000023e+02
4.191522708329999887e+02
4.196046874999999545e+02
4.200571041669999772e+02
4.208403958330000023e+02
4.216791875000000118e+02
4.220503541665000284e+02
4.224215208329999882e+02
4.228459062499999845e+02
4.232702916669999809e+02
4.236708541670000159e+02
4.240714166669999940e+02
4.244795104170000286e+02
4.248876041670000063e+02
4.256094375000000127e+02
4.263167708330000210e+02
4.267148541665000039e+02
4.271129374999999868e+02
4.275342708334999884e+02
4.279556041669999900e+02
4.283323958334999588e+02
4.287091874999999845e+02
4.290729166664999639e+02
4.294366458330000000e+02
4.301990833329999759e+02
4.310287291669999945e+02
4.313728437500000155e+02
4.317169583329999796e+02
4.321749999999999545e+02
4.326330416669999863e+02
4.329787604169999895e+02
4.333244791669999927e+02
4.336706458334999752e+02
4.340168125000000146e+02
4.347290624999999977e+02
4.354104375000000005e+02
4.357842187500000364e+02
4.361580000000000155e+02
4.365189583334999952e+02
4.368799166669999750e+02
4.372568854169999781e+02
4.376338541669999813e+02
4.380034895835000270e+02
4.383731250000000159e+02
4.391070416669999759e+02
4.399039374999999836e+02
4.407336874999999736e+02
4.415028958330000250e+02
4.423392291669999850e+02
4.431048749999999927e+02
4.435027083334999816e+02
4.439005416670000272e+02
4.447403749999999718e+02
4.451078125000000227e+02
4.454752500000000168e+02
4.462477916670000013e+02
4.469709166669999831e+02
4.477801666670000031e+02
4.481940937499999791e+02
4.486080208330000119e+02
4.493567916669999818e+02
4.498048541670000304e+02
4.502529166670000222e+02
4.510604166670000268e+02
4.519447708330000069e+02
4.527247291670000209e+02
4.531271770834999870e+02
4.535296250000000100e+02
4.543210624999999823e+02
4.547570729164999648e+02
4.551930833330000041e+02
4.560820625000000064e+02
4.570521458329999973e+02
4.581278125000000045e+02
4.586441562500000373e+02
4.591605000000000132e+02
4.602291458330000182e+02
4.610437187500000391e+02
4.618582916670000031e+02
4.663215416670000195e+02
4.697708541669999818e+02
4.703417291669999827e+02
4.709126041669999836e+02
4.725435937500000136e+02
4.730766874999999914e+02
4.747791458335000243e+02
4.753853124999999977e+02
4.776881458330000214e+02
4.788676249999999754e+02
4.799546874999999773e+02
4.810408750000000282e+02
4.821830208330000005e+02
4.830002441377485525e+02
4.834126458329999991e+02
4.838649220999532758e+02
4.847866666670000200e+02
4.871470625000000041e+02
4.883596666669999991e+02
4.890703541670000050e+02
4.897810416670000109e+02
4.909582291670000131e+02
4.921158541670000091e+02
4.935878541669999890e+02
4.955600625000000150e+02
5.001881458330000214e+02
5.021898958329999800e+02
5.046410416670000245e+02
5.078330833329999905e+02
5.083650729165000257e+02
5.088970625000000041e+02
5.110791249999999764e+02
5.121743541670000468e+02
5.126848541670000259e+02
5.131953541670000050e+02
5.164087916669999458e+02
5.168392916669999977e+02
5.172697916670000495e+02
5.181464999999999463e+02
5.190779999999999745e+02
5.200013958329999468e+02
5.215503125000000182e+02
5.235838333330000296e+02
5.258667708330000323e+02
5.277699374999999691e+02
5.305615625000000364e+02
5.339973333330000287e+02
5.347078645829999459e+02
5.354183958329999768e+02
5.378992083330000469e+02
5.391367083330000014e+02
5.407549374999999827e+02
5.439047083330000305e+02
5.447423750000000382e+02
5.461662083329999859e+02
5.466228333330000169e+02
5.476176458329999832e+02
5.480925312499999791e+02
5.485674166669999750e+02
5.499354375000000346e+02
5.503418958329999668e+02
5.516724895830000150e+02
5.521362083330000132e+02
5.554829999999999472e+02
5.578438541670000177e+02
5.586123958330000505e+02
5.598093958335000480e+02
5.602218749999999545e+02
5.609610000000000127e+02
5.613813124999999218e+02
5.618016249999999445e+02
5.629118229169999950e+02
5.633015416670000377e+02
5.643569270830000733e+02
5.647216458330000250e+02
5.657103645834999952e+02
5.660434166669999740e+02
5.670126145834999534e+02
5.673163124999999809e+02
5.687177500000000236e+02
5.694363333329999932e+02
5.700491250000000036e+02
5.707118124999999509e+02
5.710495520834999752e+02
5.713872916669999995e+02
5.719936874999999645e+02
5.723042708334999134e+02
5.726148541669999759e+02
5.735659583335000207e+02
5.738819999999999482e+02
5.748765208330000860e+02
5.751937708330000305e+02
5.757964166670000168e+02
5.760919062499999654e+02
5.763873958330000278e+02
5.770220208330000560e+02
5.773231354165000084e+02
5.776242499999999609e+02
5.785652604164999957e+02
5.788738333329999932e+02
5.798716354164999984e+02
5.801733749999999645e+02
5.807856249999999818e+02
5.810539895834999697e+02
5.813223541669999577e+02
5.819083958329999859e+02
5.821871458329999314e+02
5.824658958329999905e+02
5.834301979169999868e+02
5.837345416670000304e+02
5.847082083335000107e+02
5.850453125000000227e+02
5.884702291669999568e+02
5.892576666669999668e+02
5.899944791670000086e+02
5.906992708330000141e+02
5.914109791670000504e+02
5.921302916670000513e+02
5.924902083335000498e+02
5.928501250000000482e+02
5.932923749999999927e+02
5.937346250000000509e+02
5.941183854165000184e+02
5.945021458329999859e+02
5.952912291669999831e+02
5.956619375000000218e+02
5.960326458329999468e+02
5.968346666669999649e+02
5.971427708334999807e+02
5.974508749999999964e+02
5.978956354164999993e+02
5.987095833329999550e+02
5.994231250000000273e+02
6.001733958335000807e+02
6.005793125000000146e+02
6.012908958330000360e+02
6.019724166669999477e+02
6.026558958330000451e+02
6.032598333329999605e+02
6.040697708330000069e+02
6.044017604164999966e+02
6.047337499999999864e+02
6.051025416664999739e+02
6.054713333329999614e+02
6.057914270829999168e+02
6.061115208329999859e+02
6.068266458330000432e+02
6.071490729165000175e+02
6.074714999999999918e+02
6.082400416670000141e+02
6.086014166669999668e+02
6.089627916670000332e+02
6.093300208335000434e+02
6.099837187499999800e+02
6.105271250000000691e+02
6.111513958334999188e+02
6.115187291669999468e+02
6.121513125000000173e+02
6.127920625000000427e+02
6.134552916669999831e+02
6.141222916670000131e+02
6.147285000000000537e+02
6.150104062499999600e+02
6.152923124999999800e+02
6.155860937499999181e+02
6.158798749999999700e+02
6.161507083335000061e+02
6.164215416670000423e+02
6.170262291669999968e+02
6.173395416670000486e+02
6.176528541669999868e+02
6.182924375000000055e+02
6.185773645834999570e+02
6.188622916670000222e+02
6.195476458330000469e+02
6.198415833330000169e+02
6.201355208329999869e+02
6.204276145829999223e+02
6.207197083329999714e+02
6.209913750000000618e+02
6.212630416670000386e+02
6.218250000000000455e+02
6.220976979165000103e+02
6.223703958329999750e+02
6.226538854164999748e+02
6.229373749999999745e+02
6.231730312500000082e+02
6.234086875000000418e+02
6.240016041669999822e+02
6.242927187499999491e+02
6.245838333330000296e+02
6.248709375000000819e+02
6.251580416670000204e+02
6.254080416670000204e+02
6.256580416670000204e+02
6.262462291670000241e+02
6.265007812500000455e+02
6.267553333329999532e+02
6.270519479165000121e+02
6.273485624999999573e+02
6.276156145835000189e+02
6.278826666669999668e+02
6.284841458329999568e+02
6.287400833330000296e+02
6.289960208329999887e+02
6.293064062500000091e+02
6.296167916670000295e+02
6.298313541669999722e+02
6.300459166670000286e+02
6.303373125000000528e+02
6.306287083329999632e+02
6.309098125000000437e+02
6.311909166670000104e+02
6.314647708334999834e+02
6.317386249999999563e+02
6.320164791664999484e+02
6.322943333330000542e+02
6.325710625000000391e+02
6.328477916670000241e+02
6.331369166670000368e+02
6.334260416670000495e+02
6.337305937500000255e+02
6.340351458330000014e+02
6.342802500000000236e+02
6.345253541670000459e+02
6.348140937499999836e+02
6.351028333330000351e+02
6.353950208329999896e+02
6.356872083329999441e+02
6.359737812500000018e+02
6.362603541669999458e+02
6.365342083334999188e+02
6.368080625000000055e+02
6.370524791665000066e+02
6.372968958330000078e+02
6.375647708330000114e+02
6.378326458330000150e+02
6.381089895830000387e+02
6.381999684762799916e+02
6.383853333329999487e+02
6.385742726640546607e+02
6.386723333329999832e+02
6.389593333330000178e+02
6.392368125000000418e+02
6.395142916669999522e+02
6.397709791669999504e+02
6.400276666669999486e+02
6.403079583334999825e+02
6.405882500000000164e+02
6.408628020835000143e+02
6.411373541670000122e+02
6.414165312499999345e+02
6.416957083329999705e+02
6.419703645829999914e+02
6.422450208330000123e+02
6.425307500000000118e+02
6.428164791670000113e+02
6.430692500000000109e+02
6.433220208330000105e+02
6.436057083329999386e+02
6.438893958329999805e+02
6.441790416664999839e+02
6.444686874999999873e+02
6.447126041665000002e+02
6.449565208330000132e+02
6.452346770829999514e+02
6.455128333330000032e+02
6.458046354164999912e+02
6.460964374999999791e+02
6.463826770834999706e+02
6.466689166669999622e+02
6.469539374999999382e+02
6.472389583330000278e+02
6.475327500000000782e+02
6.478265416670000150e+02
6.481101249999999254e+02
6.483937083329999496e+02
6.486562604164998902e+02
6.489188124999999445e+02
6.494788333330000114e+02
6.497441979165000703e+02
6.500095625000000155e+02
6.502709791664999557e+02
6.505323958330000096e+02
6.508070312500000227e+02
6.510816666670000359e+02
6.516617291669999759e+02
6.519288125000000491e+02
6.521958958330000087e+02
6.524809479164999857e+02
6.527659999999999627e+02
6.530305624999999736e+02
6.532951249999999845e+02
6.538768750000000409e+02
6.541553125000000364e+02
6.544337500000000318e+02
6.547201666665000630e+02
6.550065833329999805e+02
6.552640000000000100e+02
6.555214166670000395e+02
6.561215416669999740e+02
6.563683020834999979e+02
6.566150625000000218e+02
6.568805208334999861e+02
6.571459791669999504e+02
6.574122604169999704e+02
6.576785416669999904e+02
6.582741666670000313e+02
6.585737083335000079e+02
6.588732499999999845e+02
6.591698437499999272e+02
6.594664374999999836e+02
6.597393645834999916e+02
6.600122916669999995e+02
6.606302708330000542e+02
6.609186458330000278e+02
6.612070208330000014e+02
6.614714791664999893e+02
6.617359374999999773e+02
6.619883541665000166e+02
6.622407708330000560e+02
6.628443958330000214e+02
6.630959270829999923e+02
6.633474583329999632e+02
6.636528645829999959e+02
6.639582708330000287e+02
6.642296249999999418e+02
6.645009791669999686e+02
6.651007083329999432e+02
6.654559062499999982e+02
6.658111041670000532e+02
6.660773229169999468e+02
6.663435416669999540e+02
6.666211979170000177e+02
6.668988541669999677e+02
6.674541874999999891e+02
6.677306874999999309e+02
6.680071874999999864e+02
6.685404583329999468e+02
6.688056354164999675e+02
6.690708124999999882e+02
6.696695624999999836e+02
6.699787499999999909e+02
6.702879374999999982e+02
6.706419687499999327e+02
6.709959999999999809e+02
6.712651666664999084e+02
6.715343333329999496e+02
6.721171458329999950e+02
6.724035729165000248e+02
6.726900000000000546e+02
6.733458541669999704e+02
6.736328750000000127e+02
6.739198958330000551e+02
6.745689583329999550e+02
6.748425729164999893e+02
6.751161875000000236e+02
6.754445625000000746e+02
6.757729375000000118e+02
6.760448229164999248e+02
6.763167083329999514e+02
6.768918333330000223e+02
6.771685416665000048e+02
6.774452499999999873e+02
6.780724374999999782e+02
6.783347604164999893e+02
6.785970833330000005e+02
6.792329999999999472e+02
6.794962083334999079e+02
6.797594166669999822e+02
6.800354687500000637e+02
6.803115208330000314e+02
6.805776666665000221e+02
6.808438125000000127e+02
6.814067916669999931e+02
6.816933854169999449e+02
6.819799791670000104e+02
6.825957708329999605e+02
6.828854479164999702e+02
6.831751249999999800e+02
6.837620833329999641e+02
6.840237187499999436e+02
6.842853541670000368e+02
6.845893020835000016e+02
6.848932499999999663e+02
6.851873229164999657e+02
6.854813958329999650e+02
6.859847291669999549e+02
6.862171770835000189e+02
6.864496249999999691e+02
6.870401458329999969e+02
6.872857187500000009e+02
6.875312916670000050e+02
6.881255208329999959e+02
6.883721562499999891e+02
6.886187916669999822e+02
6.891969583329999978e+02
6.894594687500000418e+02
6.897219791669999722e+02
6.911910000000000309e+02
6.924712708329999487e+02
6.939117916669999886e+02
6.951728333329999714e+02
6.958055416670000568e+02
6.961288333335000971e+02
6.964521250000000236e+02
6.970798750000000155e+02
6.973985208335000152e+02
6.977171666670000150e+02
6.983798333329999650e+02
6.987562499999999091e+02
6.991326666669999668e+02
6.998453124999999773e+02
7.001903020835000007e+02
7.005352916670000241e+02
7.012198541669999940e+02
7.015544583334999516e+02
7.018890625000000227e+02
7.025404166670000450e+02
7.032880416670000159e+02
7.040042499999999563e+02
7.049382916670000441e+02
7.065023333330000241e+02
7.083224583329999859e+02
7.101929166669999631e+02
7.124220000000000255e+02
7.161936666670000022e+02
7.178277708330000451e+02
7.193399791670000241e+02
7.196963958334999916e+02
7.200528124999999591e+02
7.204138958334999643e+02
7.207749791669999695e+02
7.215421666669999468e+02
7.218743749999999864e+02
7.222065833330000260e+02
7.225818854164999721e+02
7.229571875000000318e+02
7.233321250000000191e+02
7.237070625000000064e+02
7.244475625000000036e+02
7.248128750000000764e+02
7.251781875000000355e+02
7.255417187499999727e+02
7.259052500000000236e+02
7.262822708334999788e+02
7.266592916670000477e+02
7.282725000000000364e+02
7.300154583329999696e+02
7.315898541669999986e+02
7.319747812499999782e+02
7.323597083329999577e+02
7.327904583330000605e+02
7.332212083330000496e+02
7.340044374999999945e+02
7.344003541664999375e+02
7.347962708329999941e+02
7.351886354165000057e+02
7.355810000000000173e+02
7.359608333334999770e+02
7.363406666670000504e+02
7.370763124999999718e+02
7.375101770834999115e+02
7.379440416669999649e+02
7.383533020835000116e+02
7.387625624999999445e+02
7.392052708334999807e+02
7.396479791670000168e+02
7.416904791670000350e+02
7.431001458330000560e+02
7.438327291670000250e+02
7.445831249999999955e+02
7.449631770834999998e+02
7.453432291670000041e+02
7.457060000000000173e+02
7.460687708330000305e+02
7.468882083329999659e+02
7.473559374999999818e+02
7.478236666669999977e+02
7.482049166670000204e+02
7.485861666670000432e+02
7.489784479170000395e+02
7.493707291670000359e+02
7.501914791670000113e+02
7.506553541670000413e+02
7.511192291669999577e+02
7.515211979169999950e+02
7.519231666670000322e+02
7.523349270835000198e+02
7.527466875000000073e+02
7.543875624999999445e+02
7.560073125000000118e+02
7.577521666669999831e+02
7.594173333329999878e+02
7.601698541670000395e+02
7.605676562500000273e+02
7.609654583330000150e+02
7.618092291670000122e+02
7.622388229169999931e+02
7.626684166669999740e+02
7.634706250000000409e+02
7.639436145834999934e+02
7.644166041669999458e+02
7.652845208329999878e+02
7.656852395829999978e+02
7.660859583330000078e+02
7.678817708330000187e+02
7.695721458330000360e+02
7.714306666669999686e+02
7.718145416669999577e+02
7.721984166669999468e+02
7.726054999999998927e+02
7.730125833329999523e+02
7.738691874999999527e+02
7.742282500000000027e+02
7.745873125000000528e+02
7.753238125000000309e+02
7.757415416665000976e+02
7.761592708330000505e+02
7.769716875000000300e+02
7.773449687500000209e+02
7.777182500000000118e+02
7.780919062499999654e+02
7.784655625000000327e+02
7.788506354165000403e+02
7.792357083330000478e+02
7.799845416670000304e+02
7.803575833335000880e+02
7.807306250000000318e+02
7.815356041669999740e+02
7.819189687499999764e+02
7.823023333329999787e+02
7.831107916669999440e+02
7.834886458334999588e+02
7.838664999999999736e+02
7.842506874999999127e+02
7.846348749999999654e+02
7.850279583335000098e+02
7.854210416670000541e+02
7.861680208330000141e+02
7.865555416664999484e+02
7.869430624999999964e+02
7.872937916665000557e+02
7.876445208330000014e+02
7.880450833329999796e+02
7.884456458329999577e+02
7.891566041669999549e+02
7.895466458334999516e+02
7.899366874999999482e+02
7.903095104164999611e+02
7.906823333329999741e+02
7.910966666664999138e+02
7.915109999999999673e+02
7.922365416669999831e+02
7.926187499999999773e+02
7.930009583329999714e+02
7.933676249999999754e+02
7.937342916669999795e+02
7.941263125000000400e+02
7.945183333329999869e+02
7.952681874999999536e+02
7.957201874999999518e+02
7.961721874999999500e+02
7.969567708329999505e+02
7.974047812500000418e+02
7.978527916670000195e+02
7.986201250000000300e+02
7.990478958334999788e+02
7.994756666670000413e+02
8.001116666670000086e+02
8.008733124999999973e+02
8.019043749999999591e+02
8.035826875000000200e+02
8.053992708329999459e+02
8.073485416669999495e+02
8.081502500000000282e+02
8.090076874999999745e+02
8.095000000000000000e+02
8.095000000000000000e+02
8.095000000000000000e+02
8.095000000000000000e+02
8.095000000000000000e+02
8.095000000000000000e+02
8.095000000000000000e+02
8.095000000000000000e+02
8.095000000000000000e+02
8.095000000000000000e+02
8.095000000000000000e+02
8.095000000000000000e+02
8.095000000000000000e+02
8.095000000000000000e+02
8.095000000000000000e+02
8.095000000000000000e+02
8.095000000000000000e+02
8.095000000000000000e+02
8.095000000000000000e+02
8.095000000000000000e+02
8.095000000000000000e+02
8.095000000000000000e+02
8.095000000000000000e+02
8.095000000000000000e+02
8.095000000000000000e+02
8.095000000000000000e+02
8.095000000000000000e+02
8.095000000000000000e+02
8.095000000000000000e+02
8.095000000000000000e+02
8.095000000000000000e+02
8.095000000000000000e+02
8.095000000000000000e+02
8.095000000000000000e+02
8.095000000000000000e+02
8.095000000000000000e+02
8.095000000000000000e+02
8.095000000000000000e+02
8.095000000000000000e+02
8.095000000000000000e+02
8.095000000000000000e+02
8.095000000000000000e+02
8.095000000000000000e+02
8.095000000000000000e+02
8.095000000000000000e+02
8.095000000000000000e+02
8.095000000000000000e+02
8.095000000000000000e+02
8.095000000000000000e+02
8.095000000000000000e+02
8.095000000000000000e+02
8.095000000000000000e+02
8.095000000000000000e+02
8.095000000000000000e+02
8.095000000000000000e+02
8.095000000000000000e+02
8.095000000000000000e+02
8.095000000000000000e+02
8.095000000000000000e+02
8.095000000000000000e+02
8.095000000000000000e+02
8.095000000000000000e+02
8.095000000000000000e+02
8.095000000000000000e+02
8.095000000000000000e+02
8.095000000000000000e+02
8.095000000000000000e+02
8.095000000000000000e+02
8.095000000000000000e+02
8.095000000000000000e+02
8.095000000000000000e+02
8.095000000000000000e+02
8.095000000000000000e+02
8.095000000000000000e+02
8.095000000000000000e+02
8.095000000000000000e+02
8.095000000000000000e+02
8.095000000000000000e+02
8.095000000000000000e+02
8.095000000000000000e+02
8.095000000000000000e+02
8.095000000000000000e+02
8.095000000000000000e+02
8.095000000000000000e+02
8.095000000000000000e+02
8.095000000000000000e+02
8.095000000000000000e+02
8.095000000000000000e+02
8.095000000000000000e+02
8.095000000000000000e+02
8.095000000000000000e+02
8.095000000000000000e+02
8.095000000000000000e+02
8.095000000000000000e+02
8.095000000000000000e+02
8.095000000000000000e+02
8.095000000000000000e+02
8.095000000000000000e+02
8.095000000000000000e+02
8.095000000000000000e+02
8.095000000000000000e+02
8.095000000000000000e+02
8.095000000000000000e+02
8.095000000000000000e+02
8.095000000000000000e+02
8.095000000000000000e+02
8.095000000000000000e+02
8.095000000000000000e+02
8.095000000000000000e+02
8.095000000000000000e+02
8.095000000000000000e+02
8.095000000000000000e+02
8.095000000000000000e+02
8.095000000000000000e+02
8.095000000000000000e+02
8.095000000000000000e+02
8.095000000000000000e+02
8.095000000000000000e+02
8.095000000000000000e+02
8.095000000000000000e+02
8.095000000000000000e+02
8.095000000000000000e+02
8.095000000000000000e+02
8.095000000000000000e+02
8.095000000000000000e+02
8.095000000000000000e+02
8.095000000000000000e+02
8.095000000000000000e+02
8.095000000000000000e+02
8.095000000000000000e+02
8.095000000000000000e+02
8.095000000000000000e+02
8.095000000000000000e+02
8.095000000000000000e+02
8.095000000000000000e+02
8.095000000000000000e+02
8.095000000000000000e+02
8.095000000000000000e+02
8.095000000000000000e+02
8.095000000000000000e+02
8.095000000000000000e+02
8.095000000000000000e+02
8.095000000000000000e+02
8.095000000000000000e+02
8.095000000000000000e+02
8.095000000000000000e+02
8.095000000000000000e+02
8.095000000000000000e+02
8.095000000000000000e+02
8.095000000000000000e+02
8.095000000000000000e+02
8.095000000000000000e+02
8.095000000000000000e+02
8.095000000000000000e+02
8.095000000000000000e+02
8.095000000000000000e+02
8.095000000000000000e+02
8.095000000000000000e+02
8.095000000000000000e+02
8.095000000000000000e+02
8.095000000000000000e+02
8.095000000000000000e+02
8.095000000000000000e+02
8.095000000000000000e+02
8.095000000000000000e+02
8.095000000000000000e+02
8.095000000000000000e+02
8.095000000000000000e+02
8.095000000000000000e+02
8.095000000000000000e+02
8.095000000000000000e+02
8.095000000000000000e+02
8.095000000000000000e+02
8.095000000000000000e+02
8.095000000000000000e+02
8.095000000000000000e+02
8.095000000000000000e+02
8.095000000000000000e+02
8.095000000000000000e+02
8.095000000000000000e+02
8.095000000000000000e+02
8.095000000000000000e+02
8.095000000000000000e+02
8.095000000000000000e+02
8.095000000000000000e+02
8.095000000000000000e+02
8.095000000000000000e+02
8.095000000000000000e+02
8.095000000000000000e+02
8.095000000000000000e+02
8.095000000000000000e+02
8.095000000000000000e+02
8.095000000000000000e+02
8.095000000000000000e+02
8.095000000000000000e+02
8.095000000000000000e+02
8.095000000000000000e+02
8.095000000000000000e+02
8.095000000000000000e+02
8.095000000000000000e+02
8.095000000000000000e+02
8.095000000000000000e+02
8.095000000000000000e+02
8.095000000000000000e+02
8.095000000000000000e+02
8.095000000000000000e+02
8.095000000000000000e+02
8.095000000000000000e+02
8.095000000000000000e+02
8.095000000000000000e+02
8.095000000000000000e+02
8.095000000000000000e+02
8.095000000000000000e+02
8.095000000000000000e+02
8.095000000000000000e+02
8.095000000000000000e+02
8.095000000000000000e+02
8.095000000000000000e+02
8.095000000000000000e+02
8.095000000000000000e+02
8.095000000000000000e+02
8.095000000000000000e+02
8.095000000000000000e+02
8.095000000000000000e+02
8.095000000000000000e+02
8.095000000000000000e+02
8.095000000000000000e+02
8.095000000000000000e+02
8.095000000000000000e+02
8.095000000000000000e+02
8.095000000000000000e+02
8.095000000000000000e+02
8.095000000000000000e+02
8.095000000000000000e+02
8.095000000000000000e+02
8.095000000000000000e+02
8.095000000000000000e+02
8.095000000000000000e+02
8.095000000000000000e+02
8.095000000000000000e+02
8.095000000000000000e+02
8.095000000000000000e+02
8.095000000000000000e+02
8.095000000000000000e+02
8.095000000000000000e+02
8.095000000000000000e+02
8.095000000000000000e+02
8.095000000000000000e+02
8.095000000000000000e+02
8.095000000000000000e+02
8.095000000000000000e+02
8.095000000000000000e+02
8.095000000000000000e+02
8.095000000000000000e+02
8.095000000000000000e+02
8.095000000000000000e+02
8.095000000000000000e+02
8.095000000000000000e+02
8.095000000000000000e+02
8.095000000000000000e+02
8.095000000000000000e+02
8.095000000000000000e+02
8.095000000000000000e+02
8.095000000000000000e+02
8.095000000000000000e+02
8.095000000000000000e+02
8.095000000000000000e+02
8.095000000000000000e+02
8.095000000000000000e+02
8.095000000000000000e+02
8.095000000000000000e+02
8.095000000000000000e+02
8.095000000000000000e+02
8.095000000000000000e+02
8.095000000000000000e+02
8.095000000000000000e+02
8.095000000000000000e+02
8.095000000000000000e+02
8.095000000000000000e+02
8.095000000000000000e+02
8.095000000000000000e+02
8.095000000000000000e+02
8.095000000000000000e+02
8.095000000000000000e+02
8.095000000000000000e+02
8.095000000000000000e+02
8.095000000000000000e+02
8.095000000000000000e+02
8.095000000000000000e+02
8.095000000000000000e+02
8.095000000000000000e+02
8.095000000000000000e+02
8.095000000000000000e+02
8.095000000000000000e+02
8.095000000000000000e+02
8.095000000000000000e+02
8.095000000000000000e+02
8.095000000000000000e+02
8.095000000000000000e+02
8.095000000000000000e+02
8.095000000000000000e+02
8.095000000000000000e+02
8.095000000000000000e+02
8.095000000000000000e+02
8.095000000000000000e+02
8.095000000000000000e+02
8.095000000000000000e+02
8.095000000000000000e+02
8.095000000000000000e+02
8.095000000000000000e+02
8.095000000000000000e+02
8.095000000000000000e+02
8.095000000000000000e+02
8.095000000000000000e+02
8.095000000000000000e+02
8.095000000000000000e+02
8.095000000000000000e+02
8.095000000000000000e+02
8.095000000000000000e+02
8.095000000000000000e+02
8.095000000000000000e+02
8.095000000000000000e+02
8.095000000000000000e+02
8.095000000000000000e+02
8.095000000000000000e+02
8.095000000000000000e+02
8.095000000000000000e+02
8.095000000000000000e+02
8.095000000000000000e+02
8.095000000000000000e+02
8.095000000000000000e+02
8.095000000000000000e+02
8.095000000000000000e+02
8.095000000000000000e+02
8.095000000000000000e+02
8.095000000000000000e+02
8.095000000000000000e+02
8.095000000000000000e+02
8.095000000000000000e+02
8.095000000000000000e+02
8.095000000000000000e+02
8.095000000000000000e+02
8.095000000000000000e+02
8.095000000000000000e+02
8.095000000000000000e+02
8.095000000000000000e+02
8.095000000000000000e+02
8.095000000000000000e+02
8.095000000000000000e+02
8.095000000000000000e+02
8.095000000000000000e+02
8.095000000000000000e+02
8.095000000000000000e+02
8.095000000000000000e+02
8.095000000000000000e+02
8.095000000000000000e+02
8.095000000000000000e+02
8.095000000000000000e+02
8.095000000000000000e+02
8.095000000000000000e+02
8.095000000000000000e+02
8.095000000000000000e+02
8.095000000000000000e+02
8.095000000000000000e+02
8.095000000000000000e+02
8.095000000000000000e+02
8.095000000000000000e+02
8.095000000000000000e+02
8.095000000000000000e+02
8.095000000000000000e+02
8.095000000000000000e+02
8.095000000000000000e+02
8.095000000000000000e+02
8.095000000000000000e+02
8.095000000000000000e+02
8.095000000000000000e+02
8.095000000000000000e+02
8.095000000000000000e+02
8.095000000000000000e+02
8.095000000000000000e+02
8.095000000000000000e+02
8.095000000000000000e+02
8.095000000000000000e+02
8.095000000000000000e+02
8.095000000000000000e+02
8.095000000000000000e+02
8.095000000000000000e+02
8.095000000000000000e+02
8.095000000000000000e+02
8.095000000000000000e+02
8.095000000000000000e+02
8.095000000000000000e+02
8.095000000000000000e+02
8.095000000000000000e+02
8.095000000000000000e+02
8.095000000000000000e+02
8.095000000000000000e+02
8.095000000000000000e+02
8.095000000000000000e+02
8.095000000000000000e+02
8.095000000000000000e+02
8.095000000000000000e+02
8.095000000000000000e+02
8.095000000000000000e+02
8.095000000000000000e+02
8.095000000000000000e+02
8.095000000000000000e+02
8.095000000000000000e+02
8.095000000000000000e+02
8.095000000000000000e+02
8.095000000000000000e+02
8.095000000000000000e+02
8.095000000000000000e+02
8.095000000000000000e+02
8.095000000000000000e+02
8.095000000000000000e+02
8.095000000000000000e+02
8.095000000000000000e+02
8.095000000000000000e+02
8.095000000000000000e+02
8.095000000000000000e+02
8.095000000000000000e+02
8.095000000000000000e+02
8.095000000000000000e+02
8.095000000000000000e+02
8.095000000000000000e+02
8.095000000000000000e+02
8.095000000000000000e+02
8.095000000000000000e+02
8.095000000000000000e+02
8.095000000000000000e+02
8.095000000000000000e+02
8.095000000000000000e+02
8.095000000000000000e+02
8.095000000000000000e+02
8.095000000000000000e+02
8.095000000000000000e+02
8.095000000000000000e+02
8.095000000000000000e+02
8.095000000000000000e+02
8.095000000000000000e+02
8.095000000000000000e+02
8.095000000000000000e+02
8.095000000000000000e+02
8.095000000000000000e+02
8.095000000000000000e+02
8.095000000000000000e+02
8.095000000000000000e+02
8.095000000000000000e+02
8.095000000000000000e+02
8.095000000000000000e+02
8.095000000000000000e+02
8.095000000000000000e+02
8.095000000000000000e+02
8.095000000000000000e+02
8.095000000000000000e+02
8.095000000000000000e+02
8.095000000000000000e+02
8.095000000000000000e+02
8.095000000000000000e+02
8.095000000000000000e+02
8.095000000000000000e+02
8.095000000000000000e+02
8.095000000000000000e+02
8.095000000000000000e+02
8.095000000000000000e+02
8.095000000000000000e+02
8.095000000000000000e+02
8.095000000000000000e+02
8.095000000000000000e+02
8.095000000000000000e+02
8.095000000000000000e+02
8.095000000000000000e+02
8.095000000000000000e+02
8.095000000000000000e+02
8.095000000000000000e+02
8.095000000000000000e+02
8.095000000000000000e+02
8.095000000000000000e+02
8.095000000000000000e+02
8.095000000000000000e+02
8.095000000000000000e+02
8.095000000000000000e+02
8.095000000000000000e+02
8.095000000000000000e+02
8.095000000000000000e+02
8.095000000000000000e+02
8.095000000000000000e+02
8.095000000000000000e+02
8.095000000000000000e+02
8.095000000000000000e+02
8.095000000000000000e+02
8.095000000000000000e+02
8.095000000000000000e+02
8.095000000000000000e+02
8.095000000000000000e+02
8.095000000000000000e+02
8.095000000000000000e+02
8.095000000000000000e+02
8.095000000000000000e+02
8.095000000000000000e+02
8.095000000000000000e+02
8.095000000000000000e+02
8.095000000000000000e+02
8.095000000000000000e+02
8.095000000000000000e+02
8.095000000000000000e+02
8.095000000000000000e+02
8.095000000000000000e+02
8.095000000000000000e+02
8.095000000000000000e+02
8.095000000000000000e+02
8.095000000000000000e+02
8.095000000000000000e+02
8.095000000000000000e+02
8.095000000000000000e+02
8.095000000000000000e+02
8.095000000000000000e+02
8.095000000000000000e+02
8.095000000000000000e+02
8.095000000000000000e+02
8.095000000000000000e+02
8.095000000000000000e+02
8.095000000000000000e+02
8.095000000000000000e+02
8.095000000000000000e+02
8.095000000000000000e+02
8.095000000000000000e+02
8.095000000000000000e+02
8.095000000000000000e+02
8.095000000000000000e+02
8.095000000000000000e+02
8.095000000000000000e+02
8.095000000000000000e+02
8.095000000000000000e+02
8.095000000000000000e+02
8.095000000000000000e+02
8.095000000000000000e+02
8.095000000000000000e+02
8.095000000000000000e+02
8.095000000000000000e+02
8.095000000000000000e+02
8.095000000000000000e+02
8.095000000000000000e+02
8.095000000000000000e+02
8.095000000000000000e+02
8.095000000000000000e+02
8.095000000000000000e+02
8.095000000000000000e+02
8.095000000000000000e+02
8.095000000000000000e+02
8.095000000000000000e+02
8.095000000000000000e+02
8.095000000000000000e+02
8.095000000000000000e+02
8.095000000000000000e+02
8.095000000000000000e+02
8.095000000000000000e+02
8.095000000000000000e+02
8.095000000000000000e+02
8.095000000000000000e+02
8.095000000000000000e+02
8.095000000000000000e+02
8.095000000000000000e+02
8.095000000000000000e+02
8.095000000000000000e+02
8.095000000000000000e+02
8.095000000000000000e+02
8.095000000000000000e+02
8.095000000000000000e+02
8.095000000000000000e+02
8.095000000000000000e+02
8.095000000000000000e+02
8.095000000000000000e+02
8.095000000000000000e+02
8.095000000000000000e+02
8.095000000000000000e+02
8.095000000000000000e+02
8.095000000000000000e+02
8.095000000000000000e+02
8.095000000000000000e+02
8.095000000000000000e+02
8.095000000000000000e+02
8.095000000000000000e+02
8.095000000000000000e+02
8.095000000000000000e+02
8.095000000000000000e+02
8.095000000000000000e+02
8.095000000000000000e+02
8.095000000000000000e+02
8.095000000000000000e+02
8.095000000000000000e+02
8.095000000000000000e+02
8.095000000000000000e+02
8.095000000000000000e+02
8.095000000000000000e+02
8.095000000000000000e+02
8.095000000000000000e+02
8.095000000000000000e+02
8.095000000000000000e+02
8.095000000000000000e+02
8.095000000000000000e+02
8.095000000000000000e+02
8.095000000000000000e+02
8.095000000000000000e+02
8.095000000000000000e+02
8.095000000000000000e+02
8.095000000000000000e+02
8.095000000000000000e+02
8.095000000000000000e+02
8.095000000000000000e+02
8.095000000000000000e+02
8.095000000000000000e+02
8.095000000000000000e+02
8.095000000000000000e+02
8.095000000000000000e+02
8.095000000000000000e+02
8.095000000000000000e+02
8.095000000000000000e+02
8.095000000000000000e+02
8.095000000000000000e+02
8.095000000000000000e+02
8.095000000000000000e+02
8.095000000000000000e+02
8.095000000000000000e+02
8.095000000000000000e+02
8.095000000000000000e+02
8.095000000000000000e+02
8.095000000000000000e+02
8.095000000000000000e+02
8.095000000000000000e+02
8.095000000000000000e+02
8.095000000000000000e+02
8.095000000000000000e+02
8.095000000000000000e+02
8.095000000000000000e+02
8.095000000000000000e+02
8.095000000000000000e+02
8.095000000000000000e+02
8.095000000000000000e+02
8.095000000000000000e+02
8.095000000000000000e+02
8.095000000000000000e+02
8.095000000000000000e+02
8.095000000000000000e+02
8.095000000000000000e+02
8.095000000000000000e+02
8.095000000000000000e+02
8.095000000000000000e+02
8.095000000000000000e+02
8.095000000000000000e+02
8.095000000000000000e+02
8.095000000000000000e+02
8.095000000000000000e+02
8.095000000000000000e+02
8.095000000000000000e+02
8.095000000000000000e+02
8.095000000000000000e+02
8.095000000000000000e+02
8.095000000000000000e+02
8.095000000000000000e+02
8.095000000000000000e+02
8.095000000000000000e+02
8.095000000000000000e+02
8.095000000000000000e+02
8.095000000000000000e+02
8.095000000000000000e+02
8.095000000000000000e+02
8.095000000000000000e+02
8.095000000000000000e+02
8.095000000000000000e+02
8.095000000000000000e+02
8.095000000000000000e+02
8.095000000000000000e+02
8.095000000000000000e+02
8.095000000000000000e+02
8.095000000000000000e+02
8.095000000000000000e+02
8.095000000000000000e+02
8.095000000000000000e+02
8.095000000000000000e+02
8.095000000000000000e+02
8.095000000000000000e+02
8.095000000000000000e+02
8.095000000000000000e+02
8.095000000000000000e+02
8.095000000000000000e+02
8.095000000000000000e+02
8.095000000000000000e+02
8.095000000000000000e+02
8.095000000000000000e+02
8.095000000000000000e+02
8.095000000000000000e+02
8.095000000000000000e+02
8.095000000000000000e+02
8.095000000000000000e+02
8.095000000000000000e+02
8.095000000000000000e+02
8.095000000000000000e+02
8.095000000000000000e+02
8.095000000000000000e+02
8.095000000000000000e+02
8.095000000000000000e+02
8.095000000000000000e+02
8.095000000000000000e+02
8.095000000000000000e+02
8.095000000000000000e+02
8.095000000000000000e+02
8.095000000000000000e+02
8.095000000000000000e+02
8.095000000000000000e+02
8.095000000000000000e+02
8.095000000000000000e+02
8.095000000000000000e+02
8.095000000000000000e+02
8.095000000000000000e+02
8.095000000000000000e+02
8.095000000000000000e+02
8.095000000000000000e+02
8.095000000000000000e+02
8.095000000000000000e+02
8.095000000000000000e+02
8.095000000000000000e+02
8.095000000000000000e+02
8.095000000000000000e+02
8.095000000000000000e+02
8.095000000000000000e+02
8.095000000000000000e+02
8.095000000000000000e+02
8.095000000000000000e+02
8.095000000000000000e+02
8.095000000000000000e+02
8.095000000000000000e+02
8.095000000000000000e+02
8.095000000000000000e+02
8.095000000000000000e+02
8.095000000000000000e+02
8.095000000000000000e+02
8.095000000000000000e+02
8.095000000000000000e+02
8.095000000000000000e+02
8.095000000000000000e+02
8.095000000000000000e+02
8.095000000000000000e+02
8.095000000000000000e+02
8.095000000000000000e+02
8.095000000000000000e+02
8.095000000000000000e+02
8.095000000000000000e+02
8.095000000000000000e+02
8.095000000000000000e+02
8.095000000000000000e+02
8.095000000000000000e+02
8.095000000000000000e+02
8.095000000000000000e+02
8.095000000000000000e+02
8.095000000000000000e+02
8.095000000000000000e+02
8.095000000000000000e+02
8.095000000000000000e+02
8.095000000000000000e+02
8.095000000000000000e+02
8.095000000000000000e+02
8.095000000000000000e+02
8.095000000000000000e+02
8.095000000000000000e+02
8.095000000000000000e+02
8.095000000000000000e+02
8.095000000000000000e+02
8.095000000000000000e+02
8.095000000000000000e+02
8.095000000000000000e+02
8.095000000000000000e+02
8.095000000000000000e+02
8.095000000000000000e+02
8.095000000000000000e+02
8.095000000000000000e+02
8.095000000000000000e+02
8.095000000000000000e+02
8.095000000000000000e+02
8.095000000000000000e+02
8.095000000000000000e+02
8.095000000000000000e+02
8.095000000000000000e+02
8.095000000000000000e+02
8.095000000000000000e+02
8.095000000000000000e+02
8.095000000000000000e+02
8.095000000000000000e+02
8.095000000000000000e+02
8.095000000000000000e+02
8.095000000000000000e+02
8.095000000000000000e+02
8.095000000000000000e+02
8.095000000000000000e+02
8.095000000000000000e+02
8.095000000000000000e+02
8.095000000000000000e+02
8.095000000000000000e+02
8.095000000000000000e+02
8.095000000000000000e+02
8.095000000000000000e+02
8.095000000000000000e+02
8.095000000000000000e+02
8.095000000000000000e+02
8.095000000000000000e+02
8.095000000000000000e+02
8.095000000000000000e+02
8.095000000000000000e+02
8.095000000000000000e+02
8.095000000000000000e+02
8.095000000000000000e+02
8.095000000000000000e+02
8.095000000000000000e+02
8.095000000000000000e+02
8.095000000000000000e+02
8.095000000000000000e+02
8.095000000000000000e+02
8.095000000000000000e+02
8.095000000000000000e+02
8.095000000000000000e+02
8.095000000000000000e+02
8.095000000000000000e+02
8.095000000000000000e+02
8.095000000000000000e+02
8.095000000000000000e+02
8.095000000000000000e+02
8.095000000000000000e+02
8.095000000000000000e+02
8.095000000000000000e+02
8.095000000000000000e+02
8.095000000000000000e+02
8.095000000000000000e+02
8.095000000000000000e+02
8.095000000000000000e+02
8.095000000000000000e+02
8.095000000000000000e+02
8.095000000000000000e+02
8.095000000000000000e+02
8.095000000000000000e+02
8.095000000000000000e+02
8.095000000000000000e+02
8.095000000000000000e+02
8.095000000000000000e+02
8.095000000000000000e+02
8.095000000000000000e+02
8.095000000000000000e+02
8.095000000000000000e+02
8.095000000000000000e+02
8.095000000000000000e+02
8.095000000000000000e+02
8.095000000000000000e+02
8.095000000000000000e+02
8.095000000000000000e+02
8.095000000000000000e+02
8.095000000000000000e+02
8.095000000000000000e+02
8.095000000000000000e+02
8.095000000000000000e+02
8.095000000000000000e+02
8.095000000000000000e+02
8.095000000000000000e+02
8.095000000000000000e+02
8.095000000000000000e+02
8.095000000000000000e+02
8.095000000000000000e+02
8.095000000000000000e+02
8.095000000000000000e+02
8.095000000000000000e+02
8.095000000000000000e+02
8.095000000000000000e+02
8.095000000000000000e+02
8.095000000000000000e+02
8.095000000000000000e+02
8.095000000000000000e+02
8.095000000000000000e+02
8.095000000000000000e+02
8.095000000000000000e+02
8.095000000000000000e+02
8.095000000000000000e+02
8.095000000000000000e+02
8.095000000000000000e+02
8.095000000000000000e+02
8.095000000000000000e+02
8.095000000000000000e+02
8.095000000000000000e+02
8.095000000000000000e+02
8.095000000000000000e+02
8.095000000000000000e+02
8.095000000000000000e+02
8.095000000000000000e+02
8.095000000000000000e+02
8.095000000000000000e+02
8.095000000000000000e+02
8.095000000000000000e+02
8.095000000000000000e+02
8.095000000000000000e+02
8.095000000000000000e+02
8.095000000000000000e+02
8.095000000000000000e+02
8.095000000000000000e+02
8.095000000000000000e+02
8.095000000000000000e+02
8.095000000000000000e+02
8.095000000000000000e+02
8.095000000000000000e+02
8.095000000000000000e+02
8.095000000000000000e+02
8.095000000000000000e+02
8.095000000000000000e+02
8.095000000000000000e+02
8.095000000000000000e+02
8.095000000000000000e+02
8.095000000000000000e+02
8.095000000000000000e+02
8.095000000000000000e+02
8.095000000000000000e+02
8.095000000000000000e+02
8.095000000000000000e+02
8.095000000000000000e+02
8.095000000000000000e+02
8.095000000000000000e+02
8.095000000000000000e+02
8.095000000000000000e+02
8.095000000000000000e+02
8.095000000000000000e+02
8.095000000000000000e+02
8.095000000000000000e+02
8.095000000000000000e+02
8.095000000000000000e+02
8.095000000000000000e+02
8.095000000000000000e+02
8.095000000000000000e+02
8.095000000000000000e+02
8.095000000000000000e+02
8.095000000000000000e+02
8.095000000000000000e+02
8.095000000000000000e+02
8.095000000000000000e+02
8.095000000000000000e+02
8.095000000000000000e+02
8.095000000000000000e+02
8.095000000000000000e+02
8.095000000000000000e+02
8.095000000000000000e+02
8.095000000000000000e+02
8.095000000000000000e+02
8.095000000000000000e+02
8.095000000000000000e+02
8.095000000000000000e+02
8.095000000000000000e+02
8.095000000000000000e+02
8.095000000000000000e+02
8.095000000000000000e+02
8.095000000000000000e+02
8.095000000000000000e+02
8.095000000000000000e+02
8.095000000000000000e+02
8.095000000000000000e+02
8.095000000000000000e+02
8.095000000000000000e+02
8.095000000000000000e+02
8.095000000000000000e+02
8.095000000000000000e+02
8.095000000000000000e+02
8.095000000000000000e+02
8.095000000000000000e+02
8.095000000000000000e+02
8.095000000000000000e+02
8.095000000000000000e+02
8.095000000000000000e+02
8.095000000000000000e+02
8.095000000000000000e+02
8.095000000000000000e+02
8.095000000000000000e+02
8.095000000000000000e+02
8.095000000000000000e+02
8.095000000000000000e+02
8.095000000000000000e+02
8.095000000000000000e+02
8.095000000000000000e+02
8.095000000000000000e+02
8.095000000000000000e+02
8.095000000000000000e+02
8.095000000000000000e+02
8.095000000000000000e+02
8.095000000000000000e+02
8.095000000000000000e+02
8.095000000000000000e+02
8.095000000000000000e+02
8.095000000000000000e+02
8.095000000000000000e+02
8.095000000000000000e+02
8.095000000000000000e+02
8.095000000000000000e+02
8.095000000000000000e+02
8.095000000000000000e+02
8.095000000000000000e+02
8.095000000000000000e+02
8.095000000000000000e+02
8.095000000000000000e+02
8.095000000000000000e+02
8.095000000000000000e+02
8.095000000000000000e+02
8.095000000000000000e+02
8.095000000000000000e+02
8.095000000000000000e+02
8.095000000000000000e+02
8.095000000000000000e+02
8.095000000000000000e+02
8.095000000000000000e+02
8.095000000000000000e+02
8.095000000000000000e+02
8.095000000000000000e+02
8.095000000000000000e+02
8.095000000000000000e+02
8.095000000000000000e+02
8.095000000000000000e+02
8.095000000000000000e+02
8.095000000000000000e+02
8.095000000000000000e+02
8.095000000000000000e+02
8.095000000000000000e+02
8.095000000000000000e+02
8.095000000000000000e+02
8.095000000000000000e+02
8.095000000000000000e+02
8.095000000000000000e+02
8.095000000000000000e+02
8.095000000000000000e+02
8.095000000000000000e+02
8.095000000000000000e+02
8.095000000000000000e+02
8.095000000000000000e+02
8.095000000000000000e+02
8.095000000000000000e+02
8.095000000000000000e+02
8.095000000000000000e+02
8.095000000000000000e+02
8.095000000000000000e+02
8.095000000000000000e+02
8.095000000000000000e+02
8.095000000000000000e+02
8.095000000000000000e+02
8.095000000000000000e+02
8.095000000000000000e+02
8.095000000000000000e+02
8.095000000000000000e+02
8.095000000000000000e+02
8.095000000000000000e+02
8.095000000000000000e+02
8.095000000000000000e+02
8.095000000000000000e+02
8.095000000000000000e+02
8.095000000000000000e+02
8.095000000000000000e+02
8.095000000000000000e+02
8.095000000000000000e+02
8.095000000000000000e+02
8.095000000000000000e+02
8.095000000000000000e+02
8.095000000000000000e+02
8.095000000000000000e+02
8.095000000000000000e+02
8.095000000000000000e+02
8.095000000000000000e+02
8.095000000000000000e+02
8.095000000000000000e+02
8.095000000000000000e+02
8.095000000000000000e+02
8.095000000000000000e+02
8.095000000000000000e+02
8.095000000000000000e+02
8.095000000000000000e+02
8.095000000000000000e+02
8.095000000000000000e+02
8.095000000000000000e+02
8.095000000000000000e+02
8.095000000000000000e+02
8.095000000000000000e+02
8.095000000000000000e+02
8.095000000000000000e+02
8.095000000000000000e+02
8.095000000000000000e+02
8.095000000000000000e+02
8.095000000000000000e+02
8.095000000000000000e+02
8.095000000000000000e+02
8.095000000000000000e+02
8.095000000000000000e+02
8.095000000000000000e+02
8.095000000000000000e+02
8.095000000000000000e+02
8.095000000000000000e+02
8.095000000000000000e+02
8.095000000000000000e+02
8.095000000000000000e+02
8.095000000000000000e+02
8.095000000000000000e+02
8.095000000000000000e+02
8.095000000000000000e+02
8.095000000000000000e+02
8.095000000000000000e+02
8.095000000000000000e+02
8.095000000000000000e+02
8.095000000000000000e+02
8.095000000000000000e+02
8.095000000000000000e+02
8.095000000000000000e+02
8.095000000000000000e+02
8.095000000000000000e+02
8.095000000000000000e+02
8.095000000000000000e+02
8.095000000000000000e+02
8.095000000000000000e+02
8.095000000000000000e+02
8.095000000000000000e+02
8.095000000000000000e+02
8.095000000000000000e+02
8.095000000000000000e+02
8.095000000000000000e+02
8.095000000000000000e+02
8.095000000000000000e+02
8.095000000000000000e+02
8.095000000000000000e+02
8.095000000000000000e+02
8.095000000000000000e+02
8.095000000000000000e+02
8.095000000000000000e+02
8.095000000000000000e+02
8.095000000000000000e+02
8.095000000000000000e+02
8.095000000000000000e+02
8.095000000000000000e+02
8.095000000000000000e+02
8.095000000000000000e+02
8.095000000000000000e+02
8.095000000000000000e+02
8.095000000000000000e+02
8.095000000000000000e+02
8.095000000000000000e+02
8.095000000000000000e+02
8.095000000000000000e+02
8.095000000000000000e+02
8.095000000000000000e+02
8.095000000000000000e+02
8.095000000000000000e+02
8.095000000000000000e+02
8.095000000000000000e+02
8.095000000000000000e+02
8.095000000000000000e+02
8.095000000000000000e+02
8.095000000000000000e+02
8.095000000000000000e+02
8.095000000000000000e+02
8.095000000000000000e+02
8.095000000000000000e+02
8.095000000000000000e+02
8.095000000000000000e+02
8.095000000000000000e+02
8.095000000000000000e+02
8.095000000000000000e+02
8.095000000000000000e+02
8.095000000000000000e+02
8.095000000000000000e+02
8.095000000000000000e+02
8.095000000000000000e+02
8.095000000000000000e+02
8.095000000000000000e+02
8.095000000000000000e+02
8.095000000000000000e+02
8.095000000000000000e+02
8.095000000000000000e+02
8.095000000000000000e+02
8.095000000000000000e+02
8.095000000000000000e+02
8.095000000000000000e+02
8.095000000000000000e+02
8.095000000000000000e+02
8.095000000000000000e+02
8.095000000000000000e+02
8.095000000000000000e+02
8.095000000000000000e+02
8.095000000000000000e+02
8.095000000000000000e+02
8.095000000000000000e+02
8.095000000000000000e+02
8.095000000000000000e+02
8.095000000000000000e+02
8.095000000000000000e+02
8.095000000000000000e+02
8.095000000000000000e+02
8.095000000000000000e+02
8.095000000000000000e+02
8.095000000000000000e+02
8.095000000000000000e+02
8.095000000000000000e+02
8.095000000000000000e+02
8.095000000000000000e+02
8.095000000000000000e+02
8.095000000000000000e+02
8.095000000000000000e+02
8.095000000000000000e+02
8.095000000000000000e+02
8.095000000000000000e+02
8.095000000000000000e+02
8.095000000000000000e+02
8.095000000000000000e+02
8.095000000000000000e+02
8.095000000000000000e+02
8.095000000000000000e+02
8.095000000000000000e+02
8.095000000000000000e+02
8.095000000000000000e+02
8.095000000000000000e+02
8.095000000000000000e+02
8.095000000000000000e+02
8.095000000000000000e+02
8.095000000000000000e+02
8.095000000000000000e+02
8.095000000000000000e+02
8.095000000000000000e+02
8.095000000000000000e+02
8.095000000000000000e+02
8.095000000000000000e+02
8.095000000000000000e+02
8.095000000000000000e+02
8.095000000000000000e+02
8.095000000000000000e+02
8.095000000000000000e+02
8.095000000000000000e+02
8.095000000000000000e+02
8.095000000000000000e+02
8.095000000000000000e+02
8.095000000000000000e+02
8.095000000000000000e+02
8.095000000000000000e+02
8.095000000000000000e+02
8.095000000000000000e+02
8.095000000000000000e+02
8.095000000000000000e+02
8.095000000000000000e+02
8.095000000000000000e+02
8.095000000000000000e+02
8.095000000000000000e+02
8.095000000000000000e+02
8.095000000000000000e+02
8.095000000000000000e+02
8.095000000000000000e+02
8.095000000000000000e+02
8.095000000000000000e+02
8.095000000000000000e+02
8.095000000000000000e+02
8.095000000000000000e+02
8.095000000000000000e+02
8.095000000000000000e+02
8.095000000000000000e+02
8.095000000000000000e+02
8.095000000000000000e+02
8.095000000000000000e+02
8.095000000000000000e+02
8.095000000000000000e+02
8.095000000000000000e+02
8.095000000000000000e+02
8.095000000000000000e+02
8.095000000000000000e+02
8.095000000000000000e+02
8.095000000000000000e+02
8.095000000000000000e+02
8.095000000000000000e+02
8.095000000000000000e+02
8.095000000000000000e+02
8.095000000000000000e+02
8.095000000000000000e+02
8.095000000000000000e+02
8.095000000000000000e+02
8.095000000000000000e+02
8.095000000000000000e+02
8.095000000000000000e+02
8.095000000000000000e+02
8.095000000000000000e+02
8.095000000000000000e+02
8.095000000000000000e+02
8.095000000000000000e+02
8.095000000000000000e+02
8.095000000000000000e+02
8.095000000000000000e+02
8.095000000000000000e+02
8.095000000000000000e+02
8.095000000000000000e+02
8.095000000000000000e+02
8.095000000000000000e+02
8.095000000000000000e+02
8.095000000000000000e+02
8.095000000000000000e+02
8.095000000000000000e+02
8.095000000000000000e+02
8.095000000000000000e+02
8.095000000000000000e+02
8.095000000000000000e+02
8.095000000000000000e+02
8.095000000000000000e+02
8.095000000000000000e+02
8.095000000000000000e+02
8.095000000000000000e+02
8.095000000000000000e+02
8.095000000000000000e+02
8.095000000000000000e+02
8.095000000000000000e+02
8.095000000000000000e+02
8.095000000000000000e+02
8.095000000000000000e+02
8.095000000000000000e+02
8.095000000000000000e+02
8.095000000000000000e+02
8.095000000000000000e+02
8.095000000000000000e+02
8.095000000000000000e+02
8.095000000000000000e+02
8.095000000000000000e+02
8.095000000000000000e+02
8.095000000000000000e+02
8.095000000000000000e+02
8.095000000000000000e+02
8.095000000000000000e+02
8.095000000000000000e+02
8.095000000000000000e+02
8.095000000000000000e+02
8.095000000000000000e+02
8.095000000000000000e+02
8.095000000000000000e+02
8.095000000000000000e+02
8.095000000000000000e+02
8.095000000000000000e+02
8.095000000000000000e+02
8.095000000000000000e+02
8.095000000000000000e+02
8.095000000000000000e+02
8.095000000000000000e+02
8.095000000000000000e+02
8.095000000000000000e+02
8.095000000000000000e+02
8.095000000000000000e+02
8.095000000000000000e+02
8.095000000000000000e+02
8.095000000000000000e+02
8.095000000000000000e+02
8.095000000000000000e+02
8.095000000000000000e+02
8.095000000000000000e+02
8.095000000000000000e+02
8.095000000000000000e+02
8.095000000000000000e+02
8.095000000000000000e+02
8.095000000000000000e+02
8.095000000000000000e+02
8.095000000000000000e+02
8.095000000000000000e+02
8.095000000000000000e+02
8.095000000000000000e+02
8.095000000000000000e+02
8.095000000000000000e+02
8.095000000000000000e+02
8.095000000000000000e+02
8.095000000000000000e+02
8.095000000000000000e+02
8.095000000000000000e+02
8.095000000000000000e+02
8.095000000000000000e+02
8.095000000000000000e+02
8.095000000000000000e+02
8.095000000000000000e+02
8.095000000000000000e+02
8.095000000000000000e+02
8.095000000000000000e+02
8.095000000000000000e+02
8.095000000000000000e+02
8.095000000000000000e+02
8.095000000000000000e+02
8.095000000000000000e+02
8.095000000000000000e+02
8.095000000000000000e+02
8.095000000000000000e+02
8.095000000000000000e+02
8.095000000000000000e+02
8.095000000000000000e+02
8.095000000000000000e+02
8.095000000000000000e+02
8.095000000000000000e+02
8.095000000000000000e+02
8.095000000000000000e+02
8.095000000000000000e+02
8.095000000000000000e+02
8.095000000000000000e+02
8.095000000000000000e+02
8.095000000000000000e+02
8.095000000000000000e+02
8.095000000000000000e+02
8.095000000000000000e+02
8.095000000000000000e+02
8.095000000000000000e+02
8.095000000000000000e+02
8.095000000000000000e+02
8.095000000000000000e+02
8.095000000000000000e+02
8.095000000000000000e+02
8.095000000000000000e+02
8.095000000000000000e+02
8.095000000000000000e+02
8.095000000000000000e+02
8.095000000000000000e+02
8.095000000000000000e+02
8.095000000000000000e+02
8.095000000000000000e+02
8.095000000000000000e+02
8.095000000000000000e+02
8.095000000000000000e+02
8.095000000000000000e+02
8.095000000000000000e+02
8.095000000000000000e+02
8.095000000000000000e+02
8.095000000000000000e+02
8.095000000000000000e+02
8.095000000000000000e+02
8.095000000000000000e+02
8.095000000000000000e+02
8.095000000000000000e+02
8.095000000000000000e+02
8.095000000000000000e+02
8.095000000000000000e+02
8.095000000000000000e+02
8.095000000000000000e+02
8.095000000000000000e+02
8.095000000000000000e+02
8.095000000000000000e+02
8.095000000000000000e+02
8.095000000000000000e+02
8.095000000000000000e+02
8.095000000000000000e+02
8.095000000000000000e+02
8.095000000000000000e+02
8.095000000000000000e+02
8.095000000000000000e+02
8.095000000000000000e+02
8.095000000000000000e+02
8.095000000000000000e+02
8.095000000000000000e+02
8.095000000000000000e+02
8.095000000000000000e+02
8.095000000000000000e+02
8.095000000000000000e+02
8.095000000000000000e+02
8.095000000000000000e+02
8.095000000000000000e+02
8.095000000000000000e+02
8.095000000000000000e+02
8.095000000000000000e+02
8.095000000000000000e+02
8.095000000000000000e+02
8.095000000000000000e+02
8.095000000000000000e+02
8.095000000000000000e+02
8.095000000000000000e+02
8.095000000000000000e+02
8.095000000000000000e+02
8.095000000000000000e+02
8.095000000000000000e+02
8.095000000000000000e+02
8.095000000000000000e+02
8.095000000000000000e+02
8.095000000000000000e+02
8.095000000000000000e+02
8.095000000000000000e+02
8.095000000000000000e+02
8.095000000000000000e+02
8.095000000000000000e+02
8.095000000000000000e+02
8.095000000000000000e+02
8.095000000000000000e+02
8.095000000000000000e+02
8.095000000000000000e+02
8.095000000000000000e+02
8.095000000000000000e+02
8.095000000000000000e+02
8.095000000000000000e+02
8.095000000000000000e+02
8.095000000000000000e+02
8.095000000000000000e+02
8.095000000000000000e+02
8.095000000000000000e+02
8.095000000000000000e+02
8.095000000000000000e+02
8.095000000000000000e+02
8.095000000000000000e+02
8.095000000000000000e+02
8.095000000000000000e+02
8.095000000000000000e+02
8.095000000000000000e+02
8.095000000000000000e+02
8.095000000000000000e+02
8.095000000000000000e+02
8.095000000000000000e+02
8.095000000000000000e+02
8.095000000000000000e+02
8.095000000000000000e+02
8.095000000000000000e+02
8.095000000000000000e+02
8.095000000000000000e+02
8.095000000000000000e+02
8.095000000000000000e+02
8.095000000000000000e+02
8.095000000000000000e+02
8.095000000000000000e+02
8.095000000000000000e+02
8.095000000000000000e+02
8.095000000000000000e+02
8.095000000000000000e+02
8.095000000000000000e+02
8.095000000000000000e+02
8.095000000000000000e+02
8.095000000000000000e+02
8.095000000000000000e+02
8.095000000000000000e+02
8.095000000000000000e+02
8.095000000000000000e+02
8.095000000000000000e+02
8.095000000000000000e+02
8.095000000000000000e+02
8.095000000000000000e+02
8.095000000000000000e+02
8.095000000000000000e+02
8.095000000000000000e+02
8.095000000000000000e+02
8.095000000000000000e+02
8.095000000000000000e+02
8.095000000000000000e+02
8.095000000000000000e+02
8.095000000000000000e+02
8.095000000000000000e+02
8.095000000000000000e+02
8.095000000000000000e+02
8.095000000000000000e+02
8.095000000000000000e+02
8.095000000000000000e+02
8.095000000000000000e+02
8.095000000000000000e+02
8.095000000000000000e+02
8.095000000000000000e+02
8.095000000000000000e+02
8.095000000000000000e+02
8.095000000000000000e+02
