1.457687500000000025e+00 0.000000000000000000e+00
2.743312500000000043e+00 5.000000000000000000e-01
4.068624999999999936e+00 1.000000000000000000e+00
5.415062500000000334e+00 1.500000000000000000e+00
6.770979167000000132e+00 2.000000000000000000e+00
8.091416667000000729e+00 2.500000000000000000e+00
9.321895832999999243e+00 3.000000000000000000e+00
1.070077083299999998e+01 3.500000000000000000e+00
1.198716666700000033e+01 4.000000000000000000e+00
1.335408333300000017e+01 4.500000000000000000e+00
1.459797916700000009e+01 5.000000000000000000e+00
1.586531249999999993e+01 5.500000000000000000e+00
1.700566666699999985e+01 6.000000000000000000e+00
1.827941666699999956e+01 6.500000000000000000e+00
1.955181250000000048e+01 7.000000000000000000e+00
2.090443750000000023e+01 7.500000000000000000e+00
2.242608333300000112e+01 8.000000000000000000e+00
2.377456249999999827e+01 8.500000000000000000e+00
2.508549999999999969e+01 9.000000000000000000e+00
2.643139583299999984e+01 9.500000000000000000e+00
2.781364583299999893e+01 1.000000000000000000e+01
2.901537499999999881e+01 1.050000000000000000e+01
3.028408333300000166e+01 1.100000000000000000e+01
3.184199999999999875e+01 1.150000000000000000e+01
3.367314583299999953e+01 1.200000000000000000e+01
3.506108333299999913e+01 1.250000000000000000e+01
3.644441666699999871e+01 1.300000000000000000e+01
3.778570833300000231e+01 1.350000000000000000e+01
3.900739583299999680e+01 1.400000000000000000e+01
4.027952083299999941e+01 1.450000000000000000e+01
4.146293750000000244e+01 1.500000000000000000e+01
4.269939583299999697e+01 1.550000000000000000e+01
4.397960416699999797e+01 1.600000000000000000e+01
4.524172916700000258e+01 1.650000000000000000e+01
4.629350000000000165e+01 1.700000000000000000e+01
4.743860416700000115e+01 1.750000000000000000e+01
4.873024999999999807e+01 1.800000000000000000e+01
4.995595833299999811e+01 1.850000000000000000e+01
5.117491666699999797e+01 1.900000000000000000e+01
5.230852083300000288e+01 1.950000000000000000e+01
5.367722916700000013e+01 2.000000000000000000e+01
5.482089583300000157e+01 2.050000000000000000e+01
5.598860416699999831e+01 2.100000000000000000e+01
5.709566666700000326e+01 2.150000000000000000e+01
5.818831250000000210e+01 2.200000000000000000e+01
5.924952083299999828e+01 2.250000000000000000e+01
6.039906249999999943e+01 2.300000000000000000e+01
6.152510416700000206e+01 2.350000000000000000e+01
6.316245833299999646e+01 2.400000000000000000e+01
6.436199999999999477e+01 2.450000000000000000e+01
6.546810416700000701e+01 2.500000000000000000e+01
6.662904166699999564e+01 2.550000000000000000e+01
6.800283333299999811e+01 2.600000000000000000e+01
6.932837499999999409e+01 2.650000000000000000e+01
7.068022916699999314e+01 2.700000000000000000e+01
7.200583333299999822e+01 2.750000000000000000e+01
7.399710416700000337e+01 2.800000000000000000e+01
7.541227083299999379e+01 2.850000000000000000e+01
7.681010416700000576e+01 2.900000000000000000e+01
7.816964583300000413e+01 2.950000000000000000e+01
7.954214583300000641e+01 3.000000000000000000e+01
8.075785416700000496e+01 3.050000000000000000e+01
8.203495833300000584e+01 3.100000000000000000e+01
8.337239583299999879e+01 3.150000000000000000e+01
8.488243749999999466e+01 3.200000000000000000e+01
8.612806249999999864e+01 3.250000000000000000e+01
8.731762500000000671e+01 3.300000000000000000e+01
8.836708333299999651e+01 3.350000000000000000e+01
8.946156249999999943e+01 3.400000000000000000e+01
9.057075000000000387e+01 3.450000000000000000e+01
9.155516666699999462e+01 3.500000000000000000e+01
9.257856250000000387e+01 3.550000000000000000e+01
9.356677083300000675e+01 3.600000000000000000e+01
9.463072916699999837e+01 3.650000000000000000e+01
9.574293749999999648e+01 3.700000000000000000e+01
9.682025000000000148e+01 3.750000000000000000e+01
9.787891666699999860e+01 3.800000000000000000e+01
9.892739583300000561e+01 3.850000000000000000e+01
9.981250000000000000e+01 3.900000000000000000e+01
1.007172291669999993e+02 3.950000000000000000e+01
1.016822083330000055e+02 4.000000000000000000e+01
1.026388541670000052e+02 4.050000000000000000e+01
1.035848333330000060e+02 4.100000000000000000e+01
1.046860416669999978e+02 4.150000000000000000e+01
1.060055624999999964e+02 4.200000000000000000e+01
1.070009375000000063e+02 4.250000000000000000e+01
1.080330208329999948e+02 4.300000000000000000e+01
1.090286250000000052e+02 4.350000000000000000e+01
1.102224999999999966e+02 4.400000000000000000e+01
1.112483958330000036e+02 4.450000000000000000e+01
1.121316458329999932e+02 4.500000000000000000e+01
1.132385625000000005e+02 4.550000000000000000e+01
1.146372499999999945e+02 4.600000000000000000e+01
1.156834583330000044e+02 4.650000000000000000e+01
1.167377083330000005e+02 4.700000000000000000e+01
1.178414374999999978e+02 4.750000000000000000e+01
1.188547083330000049e+02 4.800000000000000000e+01
1.198279791669999952e+02 4.850000000000000000e+01
1.206742083329999957e+02 4.900000000000000000e+01
1.214919583329999995e+02 4.950000000000000000e+01
1.223909375000000068e+02 5.000000000000000000e+01
1.232900416669999970e+02 5.050000000000000000e+01
1.239873750000000001e+02 5.100000000000000000e+01
1.247979166669999955e+02 5.150000000000000000e+01
1.255587083329999984e+02 5.200000000000000000e+01
1.263822291670000055e+02 5.250000000000000000e+01
1.271573958329999954e+02 5.300000000000000000e+01
1.279331250000000040e+02 5.350000000000000000e+01
1.287013750000000130e+02 5.400000000000000000e+01
1.294247083330000123e+02 5.450000000000000000e+01
1.300997083329999953e+02 5.500000000000000000e+01
1.308689166670000077e+02 5.550000000000000000e+01
1.316888749999999959e+02 5.600000000000000000e+01
1.325275416670000084e+02 5.650000000000000000e+01
1.333084374999999966e+02 5.700000000000000000e+01
1.341126041670000006e+02 5.750000000000000000e+01
1.349267499999999984e+02 5.800000000000000000e+01
1.356640625000000000e+02 5.850000000000000000e+01
1.363684166669999911e+02 5.900000000000000000e+01
1.370439166669999906e+02 5.950000000000000000e+01
1.378032499999999914e+02 6.000000000000000000e+01
1.385290833329999884e+02 6.050000000000000000e+01
1.392463958330000082e+02 6.100000000000000000e+01
1.400621666670000138e+02 6.150000000000000000e+01
1.408134166670000127e+02 6.200000000000000000e+01
1.415051458330000003e+02 6.250000000000000000e+01
1.421018750000000068e+02 6.300000000000000000e+01
1.429680625000000020e+02 6.350000000000000000e+01
1.440606666669999925e+02 6.400000000000000000e+01
1.447413541669999972e+02 6.450000000000000000e+01
1.454394791670000018e+02 6.500000000000000000e+01
1.461769166670000004e+02 6.550000000000000000e+01
1.468351250000000050e+02 6.600000000000000000e+01
1.475012291669999911e+02 6.650000000000000000e+01
1.481973749999999939e+02 6.700000000000000000e+01
1.489165624999999977e+02 6.750000000000000000e+01
1.496073125000000061e+02 6.800000000000000000e+01
1.503437708330000078e+02 6.850000000000000000e+01
1.510572708329999898e+02 6.900000000000000000e+01
1.517078333329999964e+02 6.950000000000000000e+01
1.524418958329999896e+02 7.000000000000000000e+01
1.531475833330000000e+02 7.050000000000000000e+01
1.538727916670000013e+02 7.100000000000000000e+01
1.544848125000000039e+02 7.150000000000000000e+01
1.552190208330000019e+02 7.200000000000000000e+01
1.558861249999999927e+02 7.250000000000000000e+01
1.565889999999999986e+02 7.300000000000000000e+01
1.572195000000000107e+02 7.350000000000000000e+01
1.579201874999999973e+02 7.400000000000000000e+01
1.585875833329999978e+02 7.450000000000000000e+01
1.591826458330000094e+02 7.500000000000000000e+01
1.598044375000000059e+02 7.550000000000000000e+01
1.604685000000000059e+02 7.600000000000000000e+01
1.611456041669999877e+02 7.650000000000000000e+01
1.618348333330000060e+02 7.700000000000000000e+01
1.624613333329999989e+02 7.750000000000000000e+01
1.631280833330000064e+02 7.800000000000000000e+01
1.637013750000000130e+02 7.850000000000000000e+01
1.643198125000000118e+02 7.900000000000000000e+01
1.649853750000000048e+02 7.950000000000000000e+01
1.657051874999999939e+02 8.000000000000000000e+01
1.664773958330000028e+02 8.050000000000000000e+01
1.672054583329999957e+02 8.100000000000000000e+01
1.679045000000000130e+02 8.150000000000000000e+01
1.686513958330000094e+02 8.200000000000000000e+01
1.694581041669999877e+02 8.250000000000000000e+01
1.700953333330000135e+02 8.300000000000000000e+01
1.708045625000000030e+02 8.350000000000000000e+01
1.715534166669999934e+02 8.400000000000000000e+01
1.723793124999999975e+02 8.450000000000000000e+01
1.733729166669999984e+02 8.500000000000000000e+01
1.743787499999999966e+02 8.550000000000000000e+01
1.754770624999999882e+02 8.600000000000000000e+01
1.764416458329999955e+02 8.650000000000000000e+01
1.772636875000000032e+02 8.700000000000000000e+01
1.781462916670000141e+02 8.750000000000000000e+01
1.789956249999999898e+02 8.800000000000000000e+01
1.797497708330000137e+02 8.850000000000000000e+01
1.805645416669999861e+02 8.900000000000000000e+01
1.812803541670000129e+02 8.950000000000000000e+01
1.819895416669999975e+02 9.000000000000000000e+01
1.827708749999999895e+02 9.050000000000000000e+01
1.835304583330000128e+02 9.100000000000000000e+01
1.842694166670000016e+02 9.150000000000000000e+01
1.850131250000000023e+02 9.200000000000000000e+01
1.858400416670000084e+02 9.250000000000000000e+01
1.865327291670000136e+02 9.300000000000000000e+01
1.872998749999999859e+02 9.350000000000000000e+01
1.880762916669999925e+02 9.400000000000000000e+01
1.888296875000000057e+02 9.450000000000000000e+01
1.896481249999999932e+02 9.500000000000000000e+01
1.904136041669999884e+02 9.550000000000000000e+01
1.911489166670000088e+02 9.600000000000000000e+01
1.918777916669999968e+02 9.650000000000000000e+01
1.925706874999999911e+02 9.700000000000000000e+01
1.932500625000000127e+02 9.750000000000000000e+01
1.938587083330000098e+02 9.800000000000000000e+01
1.945302291669999875e+02 9.850000000000000000e+01
1.952039791670000000e+02 9.900000000000000000e+01
1.959157291669999950e+02 9.950000000000000000e+01
1.966374999999999886e+02 1.000000000000000000e+02
1.973942499999999995e+02 1.005000000000000000e+02
1.981191666670000018e+02 1.010000000000000000e+02
1.988460208330000114e+02 1.015000000000000000e+02
1.995807916669999997e+02 1.020000000000000000e+02
2.003502083330000119e+02 1.025000000000000000e+02
2.011238958330000060e+02 1.030000000000000000e+02
2.018799999999999955e+02 1.035000000000000000e+02
2.027330208330000119e+02 1.040000000000000000e+02
2.035076875000000030e+02 1.045000000000000000e+02
2.042147500000000093e+02 1.050000000000000000e+02
2.048846041669999920e+02 1.055000000000000000e+02
2.055286874999999895e+02 1.060000000000000000e+02
2.062547083329999964e+02 1.065000000000000000e+02
2.068974583330000030e+02 1.070000000000000000e+02
2.075224374999999952e+02 1.075000000000000000e+02
2.082175833329999932e+02 1.080000000000000000e+02
2.089400208330000055e+02 1.085000000000000000e+02
2.096983958330000064e+02 1.090000000000000000e+02
2.103429999999999893e+02 1.095000000000000000e+02
2.109951874999999859e+02 1.100000000000000000e+02
2.116421666669999979e+02 1.105000000000000000e+02
2.122833333330000016e+02 1.110000000000000000e+02
2.128738333329999932e+02 1.115000000000000000e+02
2.135213124999999934e+02 1.120000000000000000e+02
2.141960625000000107e+02 1.125000000000000000e+02
2.147632708330000071e+02 1.130000000000000000e+02
2.153786666670000045e+02 1.135000000000000000e+02
2.159980833330000110e+02 1.140000000000000000e+02
2.166036458330000016e+02 1.145000000000000000e+02
2.172375416669999879e+02 1.150000000000000000e+02
2.178565416669999877e+02 1.155000000000000000e+02
2.184524791670000070e+02 1.160000000000000000e+02
2.190311041669999952e+02 1.165000000000000000e+02
2.196585833329999957e+02 1.170000000000000000e+02
2.202431249999999920e+02 1.175000000000000000e+02
2.208326250000000073e+02 1.180000000000000000e+02
2.214511041670000111e+02 1.185000000000000000e+02
2.220990625000000023e+02 1.190000000000000000e+02
2.227510416670000097e+02 1.195000000000000000e+02
2.234973750000000052e+02 1.200000000000000000e+02
2.241162500000000080e+02 1.205000000000000000e+02
2.247025833330000069e+02 1.210000000000000000e+02
2.252517916669999920e+02 1.215000000000000000e+02
2.258511666670000011e+02 1.220000000000000000e+02
2.264742500000000121e+02 1.225000000000000000e+02
2.270457499999999982e+02 1.230000000000000000e+02
2.276631041670000002e+02 1.235000000000000000e+02
2.283419166669999925e+02 1.240000000000000000e+02
2.289359166669999865e+02 1.245000000000000000e+02
2.295262708330000123e+02 1.250000000000000000e+02
2.301053750000000093e+02 1.255000000000000000e+02
2.307586875000000077e+02 1.260000000000000000e+02
2.314187708329999964e+02 1.265000000000000000e+02
2.322743125000000077e+02 1.270000000000000000e+02
2.332040833329999998e+02 1.275000000000000000e+02
2.341073125000000061e+02 1.280000000000000000e+02
2.348362291669999991e+02 1.285000000000000000e+02
2.355630208329999959e+02 1.290000000000000000e+02
2.362784583330000032e+02 1.295000000000000000e+02
2.370083750000000009e+02 1.300000000000000000e+02
2.377649999999999864e+02 1.305000000000000000e+02
2.385570416669999929e+02 1.310000000000000000e+02
2.394194791669999915e+02 1.315000000000000000e+02
2.407220208329999878e+02 1.320000000000000000e+02
2.414652916670000025e+02 1.325000000000000000e+02
2.422343958330000078e+02 1.330000000000000000e+02
2.429178958329999887e+02 1.335000000000000000e+02
2.436043124999999918e+02 1.340000000000000000e+02
2.442833750000000066e+02 1.345000000000000000e+02
2.450228541669999913e+02 1.350000000000000000e+02
2.459647708329999887e+02 1.355000000000000000e+02
2.473612916669999890e+02 1.360000000000000000e+02
2.482163124999999866e+02 1.365000000000000000e+02
2.490366874999999993e+02 1.370000000000000000e+02
2.499659791670000004e+02 1.375000000000000000e+02
2.509507708330000071e+02 1.380000000000000000e+02
2.518733124999999973e+02 1.385000000000000000e+02
2.528136666670000068e+02 1.390000000000000000e+02
2.537058541670000125e+02 1.395000000000000000e+02
2.545368541670000013e+02 1.400000000000000000e+02
2.555104583330000025e+02 1.405000000000000000e+02
2.564096666670000104e+02 1.410000000000000000e+02
2.574786874999999782e+02 1.415000000000000000e+02
2.585393124999999941e+02 1.420000000000000000e+02
2.595116666669999859e+02 1.425000000000000000e+02
2.605204375000000141e+02 1.430000000000000000e+02
2.615468124999999873e+02 1.435000000000000000e+02
2.624613749999999754e+02 1.440000000000000000e+02
2.632189374999999814e+02 1.445000000000000000e+02
2.641309583330000237e+02 1.450000000000000000e+02
2.649690208330000019e+02 1.455000000000000000e+02
2.657711666669999886e+02 1.460000000000000000e+02
2.666414166669999872e+02 1.465000000000000000e+02
2.674132708330000128e+02 1.470000000000000000e+02
2.683146249999999782e+02 1.475000000000000000e+02
2.691910624999999868e+02 1.480000000000000000e+02
2.699805208330000141e+02 1.485000000000000000e+02
2.708460208330000114e+02 1.490000000000000000e+02
2.715657291669999722e+02 1.495000000000000000e+02
2.724526666670000168e+02 1.500000000000000000e+02
2.732656666670000050e+02 1.505000000000000000e+02
2.740090833329999782e+02 1.510000000000000000e+02
2.748540416669999900e+02 1.515000000000000000e+02
2.757126250000000027e+02 1.520000000000000000e+02
2.764847708330000273e+02 1.525000000000000000e+02
2.772351041669999745e+02 1.530000000000000000e+02
2.780320624999999950e+02 1.535000000000000000e+02
2.789046666670000150e+02 1.540000000000000000e+02
2.797607083330000250e+02 1.545000000000000000e+02
2.806070416669999759e+02 1.550000000000000000e+02
2.814737499999999955e+02 1.555000000000000000e+02
2.823406875000000014e+02 1.560000000000000000e+02
2.832344583330000205e+02 1.565000000000000000e+02
2.840073541670000168e+02 1.570000000000000000e+02
2.848593958330000078e+02 1.575000000000000000e+02
2.857247499999999718e+02 1.580000000000000000e+02
2.865064791670000091e+02 1.585000000000000000e+02
2.872734375000000000e+02 1.590000000000000000e+02
2.880552291669999931e+02 1.595000000000000000e+02
2.887787291669999945e+02 1.600000000000000000e+02
2.895497708330000250e+02 1.605000000000000000e+02
2.904134374999999864e+02 1.610000000000000000e+02
2.912081458330000032e+02 1.615000000000000000e+02
2.919739999999999895e+02 1.620000000000000000e+02
2.927717291669999895e+02 1.625000000000000000e+02
2.935497708330000250e+02 1.630000000000000000e+02
2.943397916669999859e+02 1.635000000000000000e+02
2.951456458330000032e+02 1.640000000000000000e+02
2.959371874999999932e+02 1.645000000000000000e+02
2.967304374999999936e+02 1.650000000000000000e+02
2.975487083329999791e+02 1.655000000000000000e+02
2.983754791669999804e+02 1.660000000000000000e+02
2.992533124999999927e+02 1.665000000000000000e+02
3.000940208330000019e+02 1.670000000000000000e+02
3.009207291669999904e+02 1.675000000000000000e+02
3.019278125000000159e+02 1.680000000000000000e+02
3.028182916669999827e+02 1.685000000000000000e+02
3.036744583330000182e+02 1.690000000000000000e+02
3.044505208329999846e+02 1.695000000000000000e+02
3.052141458329999750e+02 1.700000000000000000e+02
3.059332499999999868e+02 1.705000000000000000e+02
3.066680833330000269e+02 1.710000000000000000e+02
3.073759999999999764e+02 1.715000000000000000e+02
3.081605416670000182e+02 1.720000000000000000e+02
3.089415416670000241e+02 1.725000000000000000e+02
3.097646874999999795e+02 1.730000000000000000e+02
3.104742083329999787e+02 1.735000000000000000e+02
3.113187500000000227e+02 1.740000000000000000e+02
3.120469791670000177e+02 1.745000000000000000e+02
3.127668333330000223e+02 1.750000000000000000e+02
3.135262708330000123e+02 1.755000000000000000e+02
3.143178750000000150e+02 1.760000000000000000e+02
3.149824791670000081e+02 1.765000000000000000e+02
3.156878541670000118e+02 1.770000000000000000e+02
3.164678124999999795e+02 1.775000000000000000e+02
3.171753958329999818e+02 1.780000000000000000e+02
3.179185833330000150e+02 1.785000000000000000e+02
3.186882291669999745e+02 1.790000000000000000e+02
3.195609166670000150e+02 1.795000000000000000e+02
3.203090833329999896e+02 1.800000000000000000e+02
3.210737291670000104e+02 1.805000000000000000e+02
3.218082708329999946e+02 1.810000000000000000e+02
3.225885833329999741e+02 1.815000000000000000e+02
3.233451875000000086e+02 1.820000000000000000e+02
3.241079583329999991e+02 1.825000000000000000e+02
3.248339791669999954e+02 1.830000000000000000e+02
3.256007500000000050e+02 1.835000000000000000e+02
3.263907291670000177e+02 1.840000000000000000e+02
3.271986875000000055e+02 1.845000000000000000e+02
3.279664791669999886e+02 1.850000000000000000e+02
3.288438750000000255e+02 1.855000000000000000e+02
3.296869166669999913e+02 1.860000000000000000e+02
3.306259375000000205e+02 1.865000000000000000e+02
3.314513749999999845e+02 1.870000000000000000e+02
3.323335208330000228e+02 1.875000000000000000e+02
3.332932500000000005e+02 1.880000000000000000e+02
3.342580208329999891e+02 1.885000000000000000e+02
3.351648749999999950e+02 1.890000000000000000e+02
3.359824791670000081e+02 1.895000000000000000e+02
3.368279375000000186e+02 1.900000000000000000e+02
3.376880416669999931e+02 1.905000000000000000e+02
3.386119375000000105e+02 1.910000000000000000e+02
3.397497500000000059e+02 1.915000000000000000e+02
3.410473333329999832e+02 1.920000000000000000e+02
3.418737708329999805e+02 1.925000000000000000e+02
3.426728333330000282e+02 1.930000000000000000e+02
3.434058541669999727e+02 1.935000000000000000e+02
3.442221250000000055e+02 1.940000000000000000e+02
3.450214166669999827e+02 1.945000000000000000e+02
3.457946249999999964e+02 1.950000000000000000e+02
3.465905833329999837e+02 1.955000000000000000e+02
3.474309999999999832e+02 1.960000000000000000e+02
3.482431041670000127e+02 1.965000000000000000e+02
3.490475416670000186e+02 1.970000000000000000e+02
3.498060416669999881e+02 1.975000000000000000e+02
3.507144166670000232e+02 1.980000000000000000e+02
3.515274791670000241e+02 1.985000000000000000e+02
3.523564375000000268e+02 1.990000000000000000e+02
3.531385000000000218e+02 1.995000000000000000e+02
3.539408958330000132e+02 2.000000000000000000e+02
3.547793958330000237e+02 2.005000000000000000e+02
3.556413125000000264e+02 2.010000000000000000e+02
3.564871666669999968e+02 2.015000000000000000e+02
3.572334999999999923e+02 2.020000000000000000e+02
3.580824583329999768e+02 2.025000000000000000e+02
3.589720624999999927e+02 2.030000000000000000e+02
3.597391458330000091e+02 2.035000000000000000e+02
3.607205000000000155e+02 2.040000000000000000e+02
3.615167500000000018e+02 2.045000000000000000e+02
3.623821666669999786e+02 2.050000000000000000e+02
3.631779791669999895e+02 2.055000000000000000e+02
3.639473750000000223e+02 2.060000000000000000e+02
3.647757291670000086e+02 2.065000000000000000e+02
3.656655208330000164e+02 2.070000000000000000e+02
3.664248541669999781e+02 2.075000000000000000e+02
3.671720833329999891e+02 2.080000000000000000e+02
3.679811041670000122e+02 2.085000000000000000e+02
3.688481249999999818e+02 2.090000000000000000e+02
3.696076249999999845e+02 2.095000000000000000e+02
3.704728333329999828e+02 2.100000000000000000e+02
3.712923124999999800e+02 2.105000000000000000e+02
3.720666875000000005e+02 2.110000000000000000e+02
3.728808333329999982e+02 2.115000000000000000e+02
3.737741041670000186e+02 2.120000000000000000e+02
3.746259166670000127e+02 2.125000000000000000e+02
3.754091458330000250e+02 2.130000000000000000e+02
3.762940208329999905e+02 2.135000000000000000e+02
3.771439791669999977e+02 2.140000000000000000e+02
3.780266874999999800e+02 2.145000000000000000e+02
3.789858750000000214e+02 2.150000000000000000e+02
3.800161458329999959e+02 2.155000000000000000e+02
3.812548958329999778e+02 2.160000000000000000e+02
3.821138750000000073e+02 2.165000000000000000e+02
3.830528125000000159e+02 2.170000000000000000e+02
3.839624791670000263e+02 2.175000000000000000e+02
3.848079166669999722e+02 2.180000000000000000e+02
3.857359999999999900e+02 2.185000000000000000e+02
3.866219375000000014e+02 2.190000000000000000e+02
3.875717500000000086e+02 2.195000000000000000e+02
3.883582291669999904e+02 2.200000000000000000e+02
3.892296458330000064e+02 2.205000000000000000e+02
3.901084583329999873e+02 2.210000000000000000e+02
3.910074999999999932e+02 2.215000000000000000e+02
3.918993958330000282e+02 2.220000000000000000e+02
3.927995624999999791e+02 2.225000000000000000e+02
3.936717916669999795e+02 2.230000000000000000e+02
3.945083958330000087e+02 2.235000000000000000e+02
3.953443750000000136e+02 2.240000000000000000e+02
3.962196666670000127e+02 2.245000000000000000e+02
3.971602083330000141e+02 2.250000000000000000e+02
3.979901874999999905e+02 2.255000000000000000e+02
3.989031666669999936e+02 2.260000000000000000e+02
3.997084791670000072e+02 2.265000000000000000e+02
4.005361041670000191e+02 2.270000000000000000e+02
4.013982500000000186e+02 2.275000000000000000e+02
4.022591666669999881e+02 2.280000000000000000e+02
4.030753750000000082e+02 2.285000000000000000e+02
4.039856041670000195e+02 2.290000000000000000e+02
4.048951875000000200e+02 2.295000000000000000e+02
4.057389583330000278e+02 2.300000000000000000e+02
4.066294374999999945e+02 2.305000000000000000e+02
4.075090833329999782e+02 2.310000000000000000e+02
4.083876666670000191e+02 2.315000000000000000e+02
4.092235625000000141e+02 2.320000000000000000e+02
4.100193750000000250e+02 2.325000000000000000e+02
4.108457083330000046e+02 2.330000000000000000e+02
4.118301041670000018e+02 2.335000000000000000e+02
4.127192499999999882e+02 2.340000000000000000e+02
4.136396666669999718e+02 2.345000000000000000e+02
4.145842291669999895e+02 2.350000000000000000e+02
4.155220625000000041e+02 2.355000000000000000e+02
4.164515833329999737e+02 2.360000000000000000e+02
4.173772083329999987e+02 2.365000000000000000e+02
4.182411666670000159e+02 2.370000000000000000e+02
4.191522708329999887e+02 2.375000000000000000e+02
4.200571041669999772e+02 2.380000000000000000e+02
4.208403958330000023e+02 2.385000000000000000e+02
4.216791875000000118e+02 2.390000000000000000e+02
4.224215208329999882e+02 2.395000000000000000e+02
4.232702916669999809e+02 2.400000000000000000e+02
4.240714166669999940e+02 2.405000000000000000e+02
4.248876041670000063e+02 2.410000000000000000e+02
4.256094375000000127e+02 2.415000000000000000e+02
4.263167708330000210e+02 2.420000000000000000e+02
4.271129374999999868e+02 2.425000000000000000e+02
4.279556041669999900e+02 2.430000000000000000e+02
4.287091874999999845e+02 2.435000000000000000e+02
4.294366458330000000e+02 2.440000000000000000e+02
4.301990833329999759e+02 2.445000000000000000e+02
4.310287291669999945e+02 2.450000000000000000e+02
4.317169583329999796e+02 2.455000000000000000e+02
4.326330416669999863e+02 2.460000000000000000e+02
4.333244791669999927e+02 2.465000000000000000e+02
4.340168125000000146e+02 2.470000000000000000e+02
4.347290624999999977e+02 2.475000000000000000e+02
4.354104375000000005e+02 2.480000000000000000e+02
4.361580000000000155e+02 2.485000000000000000e+02
4.368799166669999750e+02 2.490000000000000000e+02
4.376338541669999813e+02 2.495000000000000000e+02
4.383731250000000159e+02 2.500000000000000000e+02
4.391070416669999759e+02 2.505000000000000000e+02
4.399039374999999836e+02 2.510000000000000000e+02
4.407336874999999736e+02 2.515000000000000000e+02
4.415028958330000250e+02 2.520000000000000000e+02
4.423392291669999850e+02 2.525000000000000000e+02
4.431048749999999927e+02 2.530000000000000000e+02
4.439005416670000272e+02 2.535000000000000000e+02
4.447403749999999718e+02 2.540000000000000000e+02
4.454752500000000168e+02 2.545000000000000000e+02
4.462477916670000013e+02 2.550000000000000000e+02
4.469709166669999831e+02 2.555000000000000000e+02
4.477801666670000031e+02 2.560000000000000000e+02
4.486080208330000119e+02 2.565000000000000000e+02
4.493567916669999818e+02 2.570000000000000000e+02
4.502529166670000222e+02 2.575000000000000000e+02
4.510604166670000268e+02 2.580000000000000000e+02
4.519447708330000069e+02 2.585000000000000000e+02
4.527247291670000209e+02 2.590000000000000000e+02
4.535296250000000100e+02 2.595000000000000000e+02
4.543210624999999823e+02 2.600000000000000000e+02
4.551930833330000041e+02 2.605000000000000000e+02
4.560820625000000064e+02 2.610000000000000000e+02
4.570521458329999973e+02 2.615000000000000000e+02
4.581278125000000045e+02 2.620000000000000000e+02
4.591605000000000132e+02 2.625000000000000000e+02
4.602291458330000182e+02 2.630000000000000000e+02
4.618582916670000031e+02 2.635000000000000000e+02
4.663215416670000195e+02 2.640000000000000000e+02
4.674439166669999963e+02 2.645000000000000000e+02
4.685925208329999805e+02 2.650000000000000000e+02
4.697708541669999818e+02 2.655000000000000000e+02
4.709126041669999836e+02 2.660000000000000000e+02
4.720104999999999791e+02 2.665000000000000000e+02
4.730766874999999914e+02 2.670000000000000000e+02
4.741729791669999940e+02 2.675000000000000000e+02
4.753853124999999977e+02 2.680000000000000000e+02
4.766013125000000059e+02 2.685000000000000000e+02
4.776881458330000214e+02 2.690000000000000000e+02
4.788676249999999754e+02 2.695000000000000000e+02
4.799546874999999773e+02 2.700000000000000000e+02
4.810408750000000282e+02 2.705000000000000000e+02
4.821830208330000005e+02 2.710000000000000000e+02
4.834126458329999991e+02 2.715000000000000000e+02
4.847866666670000200e+02 2.720000000000000000e+02
4.859706666669999890e+02 2.725000000000000000e+02
4.871470625000000041e+02 2.730000000000000000e+02
4.883596666669999991e+02 2.735000000000000000e+02
4.897810416670000109e+02 2.740000000000000000e+02
4.909582291670000131e+02 2.745000000000000000e+02
4.921158541670000091e+02 2.750000000000000000e+02
4.935878541669999890e+02 2.755000000000000000e+02
4.955600625000000150e+02 2.760000000000000000e+02
4.966879166670000245e+02 2.765000000000000000e+02
4.977916250000000105e+02 2.770000000000000000e+02
4.989636874999999918e+02 2.775000000000000000e+02
5.001881458330000214e+02 2.780000000000000000e+02
5.011083125000000109e+02 2.785000000000000000e+02
5.021898958329999800e+02 2.790000000000000000e+02
5.033760208329999841e+02 2.795000000000000000e+02
5.046410416670000245e+02 2.800000000000000000e+02
5.057971875000000068e+02 2.805000000000000000e+02
5.069097499999999741e+02 2.810000000000000000e+02
5.078330833329999905e+02 2.815000000000000000e+02
5.088970625000000041e+02 2.820000000000000000e+02
5.099708958329999859e+02 2.825000000000000000e+02
5.110791249999999764e+02 2.830000000000000000e+02
5.121743541670000468e+02 2.835000000000000000e+02
5.131953541670000050e+02 2.840000000000000000e+02
5.143509999999999991e+02 2.845000000000000000e+02
5.154710833330000241e+02 2.850000000000000000e+02
5.164087916669999458e+02 2.855000000000000000e+02
5.172697916670000495e+02 2.860000000000000000e+02
5.181464999999999463e+02 2.865000000000000000e+02
5.190779999999999745e+02 2.870000000000000000e+02
5.200013958329999468e+02 2.875000000000000000e+02
5.215503125000000182e+02 2.880000000000000000e+02
5.225958958329999859e+02 2.885000000000000000e+02
5.235838333330000296e+02 2.890000000000000000e+02
5.247718750000000227e+02 2.895000000000000000e+02
5.258667708330000323e+02 2.900000000000000000e+02
5.267895624999999882e+02 2.905000000000000000e+02
5.277699374999999691e+02 2.910000000000000000e+02
5.288791666670000495e+02 2.915000000000000000e+02
5.305615625000000364e+02 2.920000000000000000e+02
5.317298958330000005e+02 2.925000000000000000e+02
5.327748749999999518e+02 2.930000000000000000e+02
5.339973333330000287e+02 2.935000000000000000e+02
5.354183958329999768e+02 2.940000000000000000e+02
5.365865416670000059e+02 2.945000000000000000e+02
5.378992083330000469e+02 2.950000000000000000e+02
5.391367083330000014e+02 2.955000000000000000e+02
5.407549374999999827e+02 2.960000000000000000e+02
5.417967916669999795e+02 2.965000000000000000e+02
5.428473958329999505e+02 2.970000000000000000e+02
5.439047083330000305e+02 2.975000000000000000e+02
5.447423750000000382e+02 2.980000000000000000e+02
5.457095833329999550e+02 2.985000000000000000e+02
5.466228333330000169e+02 2.990000000000000000e+02
5.476176458329999832e+02 2.995000000000000000e+02
5.485674166669999750e+02 3.000000000000000000e+02
5.495289791669999886e+02 3.005000000000000000e+02
5.503418958329999668e+02 3.010000000000000000e+02
5.512087708330000169e+02 3.015000000000000000e+02
5.521362083330000132e+02 3.020000000000000000e+02
5.530036041670000486e+02 3.025000000000000000e+02
5.538444375000000264e+02 3.030000000000000000e+02
5.546569791670000313e+02 3.035000000000000000e+02
5.554829999999999472e+02 3.040000000000000000e+02
5.563037291670000286e+02 3.045000000000000000e+02
5.570949375000000146e+02 3.050000000000000000e+02
5.578438541670000177e+02 3.055000000000000000e+02
5.586123958330000505e+02 3.060000000000000000e+02
5.593969166670000277e+02 3.065000000000000000e+02
5.602218749999999545e+02 3.070000000000000000e+02
5.609610000000000127e+02 3.075000000000000000e+02
5.618016249999999445e+02 3.080000000000000000e+02
5.625221041669999522e+02 3.085000000000000000e+02
5.633015416670000377e+02 3.090000000000000000e+02
5.639922083330000078e+02 3.095000000000000000e+02
5.647216458330000250e+02 3.100000000000000000e+02
5.653773125000000164e+02 3.105000000000000000e+02
5.660434166669999740e+02 3.110000000000000000e+02
5.667089166670000395e+02 3.115000000000000000e+02
5.673163124999999809e+02 3.120000000000000000e+02
5.680001250000000255e+02 3.125000000000000000e+02
5.687177500000000236e+02 3.130000000000000000e+02
5.694363333329999932e+02 3.135000000000000000e+02
5.700491250000000036e+02 3.140000000000000000e+02
5.707118124999999509e+02 3.145000000000000000e+02
5.713872916669999995e+02 3.150000000000000000e+02
5.719936874999999645e+02 3.155000000000000000e+02
5.726148541669999759e+02 3.160000000000000000e+02
5.732499166669999795e+02 3.165000000000000000e+02
5.738819999999999482e+02 3.170000000000000000e+02
5.745592708330000278e+02 3.175000000000000000e+02
5.751937708330000305e+02 3.180000000000000000e+02
5.757964166670000168e+02 3.185000000000000000e+02
5.763873958330000278e+02 3.190000000000000000e+02
5.770220208330000560e+02 3.195000000000000000e+02
5.776242499999999609e+02 3.200000000000000000e+02
5.782566874999999982e+02 3.205000000000000000e+02
5.788738333329999932e+02 3.210000000000000000e+02
5.795698958330000323e+02 3.215000000000000000e+02
5.801733749999999645e+02 3.220000000000000000e+02
5.807856249999999818e+02 3.225000000000000000e+02
5.813223541669999577e+02 3.230000000000000000e+02
5.819083958329999859e+02 3.235000000000000000e+02
5.824658958329999905e+02 3.240000000000000000e+02
5.831258541670000568e+02 3.245000000000000000e+02
5.837345416670000304e+02 3.250000000000000000e+02
5.843711041669999986e+02 3.255000000000000000e+02
5.850453125000000227e+02 3.260000000000000000e+02
5.858078124999999545e+02 3.265000000000000000e+02
5.865677916670000513e+02 3.270000000000000000e+02
5.874286875000000236e+02 3.275000000000000000e+02
5.884702291669999568e+02 3.280000000000000000e+02
5.892576666669999668e+02 3.285000000000000000e+02
5.899944791670000086e+02 3.290000000000000000e+02
5.906992708330000141e+02 3.295000000000000000e+02
5.914109791670000504e+02 3.300000000000000000e+02
5.921302916670000513e+02 3.305000000000000000e+02
5.928501250000000482e+02 3.310000000000000000e+02
5.937346250000000509e+02 3.315000000000000000e+02
5.945021458329999859e+02 3.320000000000000000e+02
5.952912291669999831e+02 3.325000000000000000e+02
5.960326458329999468e+02 3.330000000000000000e+02
5.968346666669999649e+02 3.335000000000000000e+02
5.974508749999999964e+02 3.340000000000000000e+02
5.983403958330000023e+02 3.345000000000000000e+02
5.990787708330000214e+02 3.350000000000000000e+02
5.997674791670000332e+02 3.355000000000000000e+02
6.005793125000000146e+02 3.360000000000000000e+02
6.012908958330000360e+02 3.365000000000000000e+02
6.019724166669999477e+02 3.370000000000000000e+02
6.026558958330000451e+02 3.375000000000000000e+02
6.032598333329999605e+02 3.380000000000000000e+02
6.040697708330000069e+02 3.385000000000000000e+02
6.047337499999999864e+02 3.390000000000000000e+02
6.054713333329999614e+02 3.395000000000000000e+02
6.061115208329999859e+02 3.400000000000000000e+02
6.068266458330000432e+02 3.405000000000000000e+02
6.074714999999999918e+02 3.410000000000000000e+02
6.082400416670000141e+02 3.415000000000000000e+02
6.089627916670000332e+02 3.420000000000000000e+02
6.096972500000000537e+02 3.425000000000000000e+02
6.102701875000000200e+02 3.430000000000000000e+02
6.107840625000000045e+02 3.435000000000000000e+02
6.115187291669999468e+02 3.440000000000000000e+02
6.121513125000000173e+02 3.445000000000000000e+02
6.127920625000000427e+02 3.450000000000000000e+02
6.134552916669999831e+02 3.455000000000000000e+02
6.141222916670000131e+02 3.460000000000000000e+02
6.147285000000000537e+02 3.465000000000000000e+02
6.152923124999999800e+02 3.470000000000000000e+02
6.158798749999999700e+02 3.475000000000000000e+02
6.164215416670000423e+02 3.480000000000000000e+02
6.170262291669999968e+02 3.485000000000000000e+02
6.176528541669999868e+02 3.490000000000000000e+02
6.182924375000000055e+02 3.495000000000000000e+02
6.188622916670000222e+02 3.500000000000000000e+02
6.195476458330000469e+02 3.505000000000000000e+02
6.201355208329999869e+02 3.510000000000000000e+02
6.207197083329999714e+02 3.515000000000000000e+02
6.212630416670000386e+02 3.520000000000000000e+02
6.218250000000000455e+02 3.525000000000000000e+02
6.223703958329999750e+02 3.530000000000000000e+02
6.229373749999999745e+02 3.535000000000000000e+02
6.234086875000000418e+02 3.540000000000000000e+02
6.240016041669999822e+02 3.545000000000000000e+02
6.245838333330000296e+02 3.550000000000000000e+02
6.251580416670000204e+02 3.555000000000000000e+02
6.256580416670000204e+02 3.560000000000000000e+02
6.262462291670000241e+02 3.565000000000000000e+02
6.267553333329999532e+02 3.570000000000000000e+02
6.273485624999999573e+02 3.575000000000000000e+02
6.278826666669999668e+02 3.580000000000000000e+02
6.284841458329999568e+02 3.585000000000000000e+02
6.289960208329999887e+02 3.590000000000000000e+02
6.296167916670000295e+02 3.595000000000000000e+02
6.300459166670000286e+02 3.600000000000000000e+02
6.306287083329999632e+02 3.605000000000000000e+02
6.311909166670000104e+02 3.610000000000000000e+02
6.317386249999999563e+02 3.615000000000000000e+02
6.322943333330000542e+02 3.620000000000000000e+02
6.328477916670000241e+02 3.625000000000000000e+02
6.334260416670000495e+02 3.630000000000000000e+02
6.340351458330000014e+02 3.635000000000000000e+02
6.345253541670000459e+02 3.640000000000000000e+02
6.351028333330000351e+02 3.645000000000000000e+02
6.356872083329999441e+02 3.650000000000000000e+02
6.362603541669999458e+02 3.655000000000000000e+02
6.368080625000000055e+02 3.660000000000000000e+02
6.372968958330000078e+02 3.665000000000000000e+02
6.378326458330000150e+02 3.670000000000000000e+02
6.383853333329999487e+02 3.675000000000000000e+02
6.389593333330000178e+02 3.680000000000000000e+02
6.395142916669999522e+02 3.685000000000000000e+02
6.400276666669999486e+02 3.690000000000000000e+02
6.405882500000000164e+02 3.695000000000000000e+02
6.411373541670000122e+02 3.700000000000000000e+02
6.416957083329999705e+02 3.705000000000000000e+02
6.422450208330000123e+02 3.710000000000000000e+02
6.428164791670000113e+02 3.715000000000000000e+02
6.433220208330000105e+02 3.720000000000000000e+02
6.438893958329999805e+02 3.725000000000000000e+02
6.444686874999999873e+02 3.730000000000000000e+02
6.449565208330000132e+02 3.735000000000000000e+02
6.455128333330000032e+02 3.740000000000000000e+02
6.460964374999999791e+02 3.745000000000000000e+02
6.466689166669999622e+02 3.750000000000000000e+02
6.472389583330000278e+02 3.755000000000000000e+02
6.478265416670000150e+02 3.760000000000000000e+02
6.483937083329999496e+02 3.765000000000000000e+02
6.489188124999999445e+02 3.770000000000000000e+02
6.494788333330000114e+02 3.775000000000000000e+02
6.500095625000000155e+02 3.780000000000000000e+02
6.505323958330000096e+02 3.785000000000000000e+02
6.510816666670000359e+02 3.790000000000000000e+02
6.516617291669999759e+02 3.795000000000000000e+02
6.521958958330000087e+02 3.800000000000000000e+02
6.527659999999999627e+02 3.805000000000000000e+02
6.532951249999999845e+02 3.810000000000000000e+02
6.538768750000000409e+02 3.815000000000000000e+02
6.544337500000000318e+02 3.820000000000000000e+02
6.550065833329999805e+02 3.825000000000000000e+02
6.555214166670000395e+02 3.830000000000000000e+02
6.561215416669999740e+02 3.835000000000000000e+02
6.566150625000000218e+02 3.840000000000000000e+02
6.571459791669999504e+02 3.845000000000000000e+02
6.576785416669999904e+02 3.850000000000000000e+02
6.582741666670000313e+02 3.855000000000000000e+02
6.588732499999999845e+02 3.860000000000000000e+02
6.594664374999999836e+02 3.865000000000000000e+02
6.600122916669999995e+02 3.870000000000000000e+02
6.606302708330000542e+02 3.875000000000000000e+02
6.612070208330000014e+02 3.880000000000000000e+02
6.617359374999999773e+02 3.885000000000000000e+02
6.622407708330000560e+02 3.890000000000000000e+02
6.628443958330000214e+02 3.895000000000000000e+02
6.633474583329999632e+02 3.900000000000000000e+02
6.639582708330000287e+02 3.905000000000000000e+02
6.645009791669999686e+02 3.910000000000000000e+02
6.651007083329999432e+02 3.915000000000000000e+02
6.658111041670000532e+02 3.920000000000000000e+02
6.663435416669999540e+02 3.925000000000000000e+02
6.668988541669999677e+02 3.930000000000000000e+02
6.674541874999999891e+02 3.935000000000000000e+02
6.680071874999999864e+02 3.940000000000000000e+02
6.685404583329999468e+02 3.945000000000000000e+02
6.690708124999999882e+02 3.950000000000000000e+02
6.696695624999999836e+02 3.955000000000000000e+02
6.702879374999999982e+02 3.960000000000000000e+02
6.709959999999999809e+02 3.965000000000000000e+02
6.715343333329999496e+02 3.970000000000000000e+02
6.721171458329999950e+02 3.975000000000000000e+02
6.726900000000000546e+02 3.980000000000000000e+02
6.733458541669999704e+02 3.985000000000000000e+02
6.739198958330000551e+02 3.990000000000000000e+02
6.745689583329999550e+02 3.995000000000000000e+02
6.751161875000000236e+02 4.000000000000000000e+02
6.757729375000000118e+02 4.005000000000000000e+02
6.763167083329999514e+02 4.010000000000000000e+02
6.768918333330000223e+02 4.015000000000000000e+02
6.774452499999999873e+02 4.020000000000000000e+02
6.780724374999999782e+02 4.025000000000000000e+02
6.785970833330000005e+02 4.030000000000000000e+02
6.792329999999999472e+02 4.035000000000000000e+02
6.797594166669999822e+02 4.040000000000000000e+02
6.803115208330000314e+02 4.045000000000000000e+02
6.808438125000000127e+02 4.050000000000000000e+02
6.814067916669999931e+02 4.055000000000000000e+02
6.819799791670000104e+02 4.060000000000000000e+02
6.825957708329999605e+02 4.065000000000000000e+02
6.831751249999999800e+02 4.070000000000000000e+02
6.837620833329999641e+02 4.075000000000000000e+02
6.842853541670000368e+02 4.080000000000000000e+02
6.848932499999999663e+02 4.085000000000000000e+02
6.854813958329999650e+02 4.090000000000000000e+02
6.859847291669999549e+02 4.095000000000000000e+02
6.864496249999999691e+02 4.100000000000000000e+02
6.870401458329999969e+02 4.105000000000000000e+02
6.875312916670000050e+02 4.110000000000000000e+02
6.881255208329999959e+02 4.115000000000000000e+02
6.886187916669999822e+02 4.120000000000000000e+02
6.891969583329999978e+02 4.125000000000000000e+02
6.897219791669999722e+02 4.130000000000000000e+02
6.903702500000000555e+02 4.135000000000000000e+02
6.911910000000000309e+02 4.140000000000000000e+02
6.918080625000000055e+02 4.145000000000000000e+02
6.924712708329999487e+02 4.150000000000000000e+02
6.931639791669999795e+02 4.155000000000000000e+02
6.939117916669999886e+02 4.160000000000000000e+02
6.945696249999999736e+02 4.165000000000000000e+02
6.951728333329999714e+02 4.170000000000000000e+02
6.958055416670000568e+02 4.175000000000000000e+02
6.964521250000000236e+02 4.180000000000000000e+02
6.970798750000000155e+02 4.185000000000000000e+02
6.977171666670000150e+02 4.190000000000000000e+02
6.983798333329999650e+02 4.195000000000000000e+02
6.991326666669999668e+02 4.200000000000000000e+02
6.998453124999999773e+02 4.205000000000000000e+02
7.005352916670000241e+02 4.210000000000000000e+02
7.012198541669999940e+02 4.215000000000000000e+02
7.018890625000000227e+02 4.220000000000000000e+02
7.025404166670000450e+02 4.225000000000000000e+02
7.032880416670000159e+02 4.230000000000000000e+02
7.040042499999999563e+02 4.235000000000000000e+02
7.049382916670000441e+02 4.240000000000000000e+02
7.057059166669999968e+02 4.245000000000000000e+02
7.065023333330000241e+02 4.250000000000000000e+02
7.073653958329999796e+02 4.255000000000000000e+02
7.083224583329999859e+02 4.260000000000000000e+02
7.092488333329999932e+02 4.265000000000000000e+02
7.101929166669999631e+02 4.270000000000000000e+02
7.111734374999999773e+02 4.275000000000000000e+02
7.124220000000000255e+02 4.280000000000000000e+02
7.134010833329999741e+02 4.285000000000000000e+02
7.143519999999999754e+02 4.290000000000000000e+02
7.153401874999999563e+02 4.295000000000000000e+02
7.161936666670000022e+02 4.300000000000000000e+02
7.170488541669999449e+02 4.305000000000000000e+02
7.178277708330000451e+02 4.310000000000000000e+02
7.185545416669999668e+02 4.315000000000000000e+02
7.193399791670000241e+02 4.320000000000000000e+02
7.200528124999999591e+02 4.325000000000000000e+02
7.207749791669999695e+02 4.330000000000000000e+02
7.215421666669999468e+02 4.335000000000000000e+02
7.222065833330000260e+02 4.340000000000000000e+02
7.229571875000000318e+02 4.345000000000000000e+02
7.237070625000000064e+02 4.350000000000000000e+02
7.244475625000000036e+02 4.355000000000000000e+02
7.251781875000000355e+02 4.360000000000000000e+02
7.259052500000000236e+02 4.365000000000000000e+02
7.266592916670000477e+02 4.370000000000000000e+02
7.274662083330000542e+02 4.375000000000000000e+02
7.282725000000000364e+02 4.380000000000000000e+02
7.291135000000000446e+02 4.385000000000000000e+02
7.300154583329999696e+02 4.390000000000000000e+02
7.307949374999999463e+02 4.395000000000000000e+02
7.315898541669999986e+02 4.400000000000000000e+02
7.323597083329999577e+02 4.405000000000000000e+02
7.332212083330000496e+02 4.410000000000000000e+02
7.340044374999999945e+02 4.415000000000000000e+02
7.347962708329999941e+02 4.420000000000000000e+02
7.355810000000000173e+02 4.425000000000000000e+02
7.363406666670000504e+02 4.430000000000000000e+02
7.370763124999999718e+02 4.435000000000000000e+02
7.379440416669999649e+02 4.440000000000000000e+02
7.387625624999999445e+02 4.445000000000000000e+02
7.396479791670000168e+02 4.450000000000000000e+02
7.407126250000000027e+02 4.455000000000000000e+02
7.416904791670000350e+02 4.460000000000000000e+02
7.424631041669999831e+02 4.465000000000000000e+02
7.431001458330000560e+02 4.470000000000000000e+02
7.438327291670000250e+02 4.475000000000000000e+02
7.445831249999999955e+02 4.480000000000000000e+02
7.453432291670000041e+02 4.485000000000000000e+02
7.460687708330000305e+02 4.490000000000000000e+02
7.468882083329999659e+02 4.495000000000000000e+02
7.478236666669999977e+02 4.500000000000000000e+02
7.485861666670000432e+02 4.505000000000000000e+02
7.493707291670000359e+02 4.510000000000000000e+02
7.501914791670000113e+02 4.515000000000000000e+02
7.511192291669999577e+02 4.520000000000000000e+02
7.519231666670000322e+02 4.525000000000000000e+02
7.527466875000000073e+02 4.530000000000000000e+02
7.535909583330000032e+02 4.535000000000000000e+02
7.543875624999999445e+02 4.540000000000000000e+02
7.552085624999999709e+02 4.545000000000000000e+02
7.560073125000000118e+02 4.550000000000000000e+02
7.568220000000000027e+02 4.555000000000000000e+02
7.577521666669999831e+02 4.560000000000000000e+02
7.585532916670000532e+02 4.565000000000000000e+02
7.594173333329999878e+02 4.570000000000000000e+02
7.601698541670000395e+02 4.575000000000000000e+02
7.609654583330000150e+02 4.580000000000000000e+02
7.618092291670000122e+02 4.585000000000000000e+02
7.626684166669999740e+02 4.590000000000000000e+02
7.634706250000000409e+02 4.595000000000000000e+02
7.644166041669999458e+02 4.600000000000000000e+02
7.652845208329999878e+02 4.605000000000000000e+02
7.660859583330000078e+02 4.610000000000000000e+02
7.669498125000000073e+02 4.615000000000000000e+02
7.678817708330000187e+02 4.620000000000000000e+02
7.686822916669999586e+02 4.625000000000000000e+02
7.695721458330000360e+02 4.630000000000000000e+02
7.704692291669999804e+02 4.635000000000000000e+02
7.714306666669999686e+02 4.640000000000000000e+02
7.721984166669999468e+02 4.645000000000000000e+02
7.730125833329999523e+02 4.650000000000000000e+02
7.738691874999999527e+02 4.655000000000000000e+02
7.745873125000000528e+02 4.660000000000000000e+02
7.753238125000000309e+02 4.665000000000000000e+02
7.761592708330000505e+02 4.670000000000000000e+02
7.769716875000000300e+02 4.675000000000000000e+02
7.777182500000000118e+02 4.680000000000000000e+02
7.784655625000000327e+02 4.685000000000000000e+02
7.792357083330000478e+02 4.690000000000000000e+02
7.799845416670000304e+02 4.695000000000000000e+02
7.807306250000000318e+02 4.700000000000000000e+02
7.815356041669999740e+02 4.705000000000000000e+02
7.823023333329999787e+02 4.710000000000000000e+02
7.831107916669999440e+02 4.715000000000000000e+02
7.838664999999999736e+02 4.720000000000000000e+02
7.846348749999999654e+02 4.725000000000000000e+02
7.854210416670000541e+02 4.730000000000000000e+02
7.861680208330000141e+02 4.735000000000000000e+02
7.869430624999999964e+02 4.740000000000000000e+02
7.876445208330000014e+02 4.745000000000000000e+02
7.884456458329999577e+02 4.750000000000000000e+02
7.891566041669999549e+02 4.755000000000000000e+02
7.899366874999999482e+02 4.760000000000000000e+02
7.906823333329999741e+02 4.765000000000000000e+02
7.915109999999999673e+02 4.770000000000000000e+02
7.922365416669999831e+02 4.775000000000000000e+02
7.930009583329999714e+02 4.780000000000000000e+02
7.937342916669999795e+02 4.785000000000000000e+02
7.945183333329999869e+02 4.790000000000000000e+02
7.952681874999999536e+02 4.795000000000000000e+02
7.961721874999999500e+02 4.800000000000000000e+02
7.969567708329999505e+02 4.805000000000000000e+02
7.978527916670000195e+02 4.810000000000000000e+02
7.986201250000000300e+02 4.815000000000000000e+02
7.994756666670000413e+02 4.820000000000000000e+02
8.001116666670000086e+02 4.825000000000000000e+02
8.008733124999999973e+02 4.830000000000000000e+02
8.019043749999999591e+02 4.835000000000000000e+02
8.035826875000000200e+02 4.840000000000000000e+02
8.045094374999999900e+02 4.845000000000000000e+02
8.053992708329999459e+02 4.850000000000000000e+02
8.064385624999999891e+02 4.855000000000000000e+02
8.073485416669999495e+02 4.860000000000000000e+02
8.081502500000000282e+02 4.865000000000000000e+02
8.090076874999999745e+02 4.870000000000000000e+02
8.102232083330000023e+02 4.875000000000000000e+02
8.125084375000000136e+02 4.880000000000000000e+02
8.132776874999999563e+02 4.885000000000000000e+02
8.140657916669999850e+02 4.890000000000000000e+02
8.148254375000000209e+02 4.895000000000000000e+02
8.156174791670000559e+02 4.900000000000000000e+02
8.164081666670000459e+02 4.905000000000000000e+02
8.172250000000000227e+02 4.910000000000000000e+02
8.179859791669999822e+02 4.915000000000000000e+02
8.187665833329999714e+02 4.920000000000000000e+02
8.195446875000000091e+02 4.925000000000000000e+02
8.203402291669999613e+02 4.930000000000000000e+02
8.211691041670000004e+02 4.935000000000000000e+02
8.220824583329999768e+02 4.940000000000000000e+02
8.228564374999999700e+02 4.945000000000000000e+02
8.236610208329999523e+02 4.950000000000000000e+02
8.243285624999999754e+02 4.955000000000000000e+02
8.251261458330000096e+02 4.960000000000000000e+02
8.258980625000000373e+02 4.965000000000000000e+02
8.266786458330000187e+02 4.970000000000000000e+02
8.274720416669999850e+02 4.975000000000000000e+02
8.283121250000000373e+02 4.980000000000000000e+02
8.291319791670000541e+02 4.985000000000000000e+02
8.299622291670000322e+02 4.990000000000000000e+02
8.307728958330000069e+02 4.995000000000000000e+02
8.318246249999999691e+02 5.000000000000000000e+02
8.325502500000000055e+02 5.005000000000000000e+02
8.332864375000000337e+02 5.010000000000000000e+02
8.340616458329999432e+02 5.015000000000000000e+02
8.347612708330000260e+02 5.020000000000000000e+02
8.354912500000000364e+02 5.025000000000000000e+02
8.362523750000000291e+02 5.030000000000000000e+02
8.370059791669999640e+02 5.035000000000000000e+02
8.377232916670000122e+02 5.040000000000000000e+02
8.384665208330000041e+02 5.045000000000000000e+02
8.392395833330000414e+02 5.050000000000000000e+02
8.400670416670000122e+02 5.055000000000000000e+02
8.409223958329999959e+02 5.060000000000000000e+02
8.416943750000000364e+02 5.065000000000000000e+02
8.424940000000000282e+02 5.070000000000000000e+02
8.433264583330000050e+02 5.075000000000000000e+02
8.441858958330000178e+02 5.080000000000000000e+02
8.449730624999999691e+02 5.085000000000000000e+02
8.458138333330000478e+02 5.090000000000000000e+02
8.465590416669999740e+02 5.095000000000000000e+02
8.473985416670000177e+02 5.100000000000000000e+02
8.481690624999999955e+02 5.105000000000000000e+02
8.490833125000000337e+02 5.110000000000000000e+02
8.499264583330000278e+02 5.115000000000000000e+02
8.510078125000000000e+02 5.120000000000000000e+02
8.517348124999999754e+02 5.125000000000000000e+02
8.524111666669999750e+02 5.130000000000000000e+02
8.531274166670000341e+02 5.135000000000000000e+02
8.539361041670000532e+02 5.140000000000000000e+02
8.547887291670000423e+02 5.145000000000000000e+02
8.556276041669999586e+02 5.150000000000000000e+02
8.563038333329999432e+02 5.155000000000000000e+02
8.570258750000000418e+02 5.160000000000000000e+02
8.577017083330000560e+02 5.165000000000000000e+02
8.583923333330000105e+02 5.170000000000000000e+02
8.592776874999999563e+02 5.175000000000000000e+02
8.601126041669999722e+02 5.180000000000000000e+02
8.608412708329999532e+02 5.185000000000000000e+02
8.615194374999999809e+02 5.190000000000000000e+02
8.622350208330000214e+02 5.195000000000000000e+02
8.630192500000000564e+02 5.200000000000000000e+02
8.637152083329999641e+02 5.205000000000000000e+02
8.643777916669999968e+02 5.210000000000000000e+02
8.649710000000000036e+02 5.215000000000000000e+02
8.656577499999999645e+02 5.220000000000000000e+02
8.663456875000000537e+02 5.225000000000000000e+02
8.670417916669999840e+02 5.230000000000000000e+02
8.677914583330000369e+02 5.235000000000000000e+02
8.688508958329999814e+02 5.240000000000000000e+02
8.693783333330000005e+02 5.245000000000000000e+02
8.700487916670000459e+02 5.250000000000000000e+02
8.707767916669999977e+02 5.255000000000000000e+02
8.714507083329999659e+02 5.260000000000000000e+02
8.722063333329999750e+02 5.265000000000000000e+02
8.729194374999999582e+02 5.270000000000000000e+02
8.735372916669999768e+02 5.275000000000000000e+02
8.742785416670000131e+02 5.280000000000000000e+02
8.750949791670000195e+02 5.285000000000000000e+02
8.758911249999999882e+02 5.290000000000000000e+02
8.767499791669999922e+02 5.295000000000000000e+02
8.776178958330000341e+02 5.300000000000000000e+02
8.783352291669999659e+02 5.305000000000000000e+02
8.790949791670000195e+02 5.310000000000000000e+02
8.799501041669999495e+02 5.315000000000000000e+02
8.808832291669999677e+02 5.320000000000000000e+02
8.821356041669999968e+02 5.325000000000000000e+02
8.834166249999999536e+02 5.330000000000000000e+02
8.847476666669999759e+02 5.335000000000000000e+02
8.859228541669999686e+02 5.340000000000000000e+02
8.870717083329999468e+02 5.345000000000000000e+02
8.880570416670000213e+02 5.350000000000000000e+02
8.889614583329999959e+02 5.355000000000000000e+02
8.900811250000000427e+02 5.360000000000000000e+02
8.908691458329999477e+02 5.365000000000000000e+02
8.917268333329999450e+02 5.370000000000000000e+02
8.925927708330000314e+02 5.375000000000000000e+02
8.935762499999999591e+02 5.380000000000000000e+02
8.945166458329999841e+02 5.385000000000000000e+02
8.955250208329999850e+02 5.390000000000000000e+02
8.964546041669999568e+02 5.395000000000000000e+02
8.974525833330000069e+02 5.400000000000000000e+02
8.983961458329999914e+02 5.405000000000000000e+02
8.991915000000000191e+02 5.410000000000000000e+02
9.002397499999999582e+02 5.415000000000000000e+02
9.018461875000000418e+02 5.420000000000000000e+02
9.027456666670000232e+02 5.425000000000000000e+02
9.035062500000000227e+02 5.430000000000000000e+02
9.043593333329999950e+02 5.435000000000000000e+02
9.052677708329999859e+02 5.440000000000000000e+02
9.060839375000000473e+02 5.445000000000000000e+02
9.071393958329999805e+02 5.450000000000000000e+02
9.078934583330000123e+02 5.455000000000000000e+02
9.088270208330000060e+02 5.460000000000000000e+02
9.097840833330000123e+02 5.465000000000000000e+02
9.107743958329999714e+02 5.470000000000000000e+02
9.120413541670000086e+02 5.475000000000000000e+02
9.137105625000000373e+02 5.480000000000000000e+02
9.145492500000000291e+02 5.485000000000000000e+02
9.154455833329999450e+02 5.490000000000000000e+02
9.163554374999999936e+02 5.495000000000000000e+02
9.173727708330000041e+02 5.500000000000000000e+02
9.186345833330000232e+02 5.505000000000000000e+02
9.200088958329999969e+02 5.510000000000000000e+02
9.209648333330000014e+02 5.515000000000000000e+02
9.220344791669999722e+02 5.520000000000000000e+02
9.230383124999999609e+02 5.525000000000000000e+02
9.243077708329999496e+02 5.530000000000000000e+02
9.254261458329999641e+02 5.535000000000000000e+02
9.268003125000000182e+02 5.540000000000000000e+02
9.280103958329999614e+02 5.545000000000000000e+02
9.293572083330000169e+02 5.550000000000000000e+02
9.305869791669999813e+02 5.555000000000000000e+02
9.322652708330000451e+02 5.560000000000000000e+02
9.342202291669999568e+02 5.565000000000000000e+02
9.353985000000000127e+02 5.570000000000000000e+02
9.365257916670000213e+02 5.575000000000000000e+02
9.378708958329999632e+02 5.580000000000000000e+02
9.396704999999999472e+02 5.585000000000000000e+02
9.413775833329999614e+02 5.590000000000000000e+02
9.433921249999999645e+02 5.595000000000000000e+02
9.449933125000000018e+02 5.600000000000000000e+02
9.461701666669999895e+02 5.605000000000000000e+02
9.473558749999999691e+02 5.610000000000000000e+02
9.485302916670000286e+02 5.615000000000000000e+02
9.497983333329999596e+02 5.620000000000000000e+02
9.509820416669999759e+02 5.625000000000000000e+02
9.520497291670000095e+02 5.630000000000000000e+02
9.533847708329999477e+02 5.635000000000000000e+02
9.545727291670000341e+02 5.640000000000000000e+02
9.556768749999999955e+02 5.645000000000000000e+02
9.568597499999999627e+02 5.650000000000000000e+02
9.580822708330000523e+02 5.655000000000000000e+02
9.590759166670000013e+02 5.660000000000000000e+02
9.600575000000000045e+02 5.665000000000000000e+02
9.611576666669999440e+02 5.670000000000000000e+02
9.622789583329999914e+02 5.675000000000000000e+02
9.635120833329999641e+02 5.680000000000000000e+02
9.645908749999999827e+02 5.685000000000000000e+02
9.657924583330000132e+02 5.690000000000000000e+02
9.669645000000000437e+02 5.695000000000000000e+02
9.681048958330000005e+02 5.700000000000000000e+02
9.691925833330000160e+02 5.705000000000000000e+02
9.702922499999999673e+02 5.710000000000000000e+02
9.714387916670000322e+02 5.715000000000000000e+02
9.728745000000000118e+02 5.720000000000000000e+02
9.739306874999999764e+02 5.725000000000000000e+02
9.749572291670000368e+02 5.730000000000000000e+02
9.760420000000000300e+02 5.735000000000000000e+02
9.770341458330000250e+02 5.740000000000000000e+02
9.779159166670000332e+02 5.745000000000000000e+02
9.789569999999999936e+02 5.750000000000000000e+02
9.799674374999999600e+02 5.755000000000000000e+02
9.810378958329999932e+02 5.760000000000000000e+02
9.820505624999999554e+02 5.765000000000000000e+02
9.831165624999999864e+02 5.770000000000000000e+02
9.841332291669999677e+02 5.775000000000000000e+02
9.851174583329999450e+02 5.780000000000000000e+02
9.860584791669999731e+02 5.785000000000000000e+02
9.870461041669999531e+02 5.790000000000000000e+02
9.880447291670000141e+02 5.795000000000000000e+02
9.891032916670000077e+02 5.800000000000000000e+02
9.900872291670000322e+02 5.805000000000000000e+02
9.911665416670000468e+02 5.810000000000000000e+02
9.921741458330000114e+02 5.815000000000000000e+02
9.931673124999999800e+02 5.820000000000000000e+02
9.941276041669999586e+02 5.825000000000000000e+02
9.951609583330000532e+02 5.830000000000000000e+02
9.963802916670000513e+02 5.835000000000000000e+02
9.976498333329999468e+02 5.840000000000000000e+02
9.987882083329999432e+02 5.845000000000000000e+02
9.998012499999999818e+02 5.850000000000000000e+02
1.000958645832999991e+03 5.855000000000000000e+02
1.001970604167000033e+03 5.860000000000000000e+02
1.002927937499999985e+03 5.865000000000000000e+02
1.003896166666999989e+03 5.870000000000000000e+02
1.004983479167000041e+03 5.875000000000000000e+02
1.006056479167000020e+03 5.880000000000000000e+02
1.007081750000000056e+03 5.885000000000000000e+02
1.008072020833000010e+03 5.890000000000000000e+02
1.009260125000000016e+03 5.895000000000000000e+02
1.010325708332999966e+03 5.900000000000000000e+02
1.011337374999999952e+03 5.905000000000000000e+02
1.012324833333000015e+03 5.910000000000000000e+02
1.013225749999999948e+03 5.915000000000000000e+02
1.014225854166999966e+03 5.920000000000000000e+02
1.015256833333000031e+03 5.925000000000000000e+02
1.016195791666999980e+03 5.930000000000000000e+02
1.017212562499999990e+03 5.935000000000000000e+02
1.018187958332999983e+03 5.940000000000000000e+02
1.019211770832999946e+03 5.945000000000000000e+02
1.020002791666999997e+03 5.950000000000000000e+02
1.020980583333000027e+03 5.955000000000000000e+02
1.021852312500000039e+03 5.960000000000000000e+02
1.022931708332999960e+03 5.965000000000000000e+02
1.023922874999999976e+03 5.970000000000000000e+02
1.025000395833000084e+03 5.975000000000000000e+02
1.025901437499999929e+03 5.980000000000000000e+02
1.026859812500000089e+03 5.985000000000000000e+02
1.027766770833000010e+03 5.990000000000000000e+02
1.028707708333000028e+03 5.995000000000000000e+02
1.029634187500000053e+03 6.000000000000000000e+02
1.030627145832999986e+03 6.005000000000000000e+02
1.031570583333000059e+03 6.010000000000000000e+02
1.032551416667000012e+03 6.015000000000000000e+02
1.033421687499999962e+03 6.020000000000000000e+02
1.034444708333000108e+03 6.025000000000000000e+02
1.035398833333000084e+03 6.030000000000000000e+02
1.036387062499999956e+03 6.035000000000000000e+02
1.037370249999999942e+03 6.040000000000000000e+02
1.038350645833000044e+03 6.045000000000000000e+02
1.039332083332999900e+03 6.050000000000000000e+02
1.040272145832999968e+03 6.055000000000000000e+02
1.041176770833000091e+03 6.060000000000000000e+02
1.042106395833000079e+03 6.065000000000000000e+02
1.042966895833000081e+03 6.070000000000000000e+02
1.043917875000000095e+03 6.075000000000000000e+02
1.044790583333000086e+03 6.080000000000000000e+02
1.045699541666999949e+03 6.085000000000000000e+02
1.046639625000000024e+03 6.090000000000000000e+02
1.047523333332999982e+03 6.095000000000000000e+02
1.048352354166999930e+03 6.100000000000000000e+02
1.049264645833000031e+03 6.105000000000000000e+02
1.050155895832999931e+03 6.110000000000000000e+02
1.051016374999999925e+03 6.115000000000000000e+02
1.051897979166999903e+03 6.120000000000000000e+02
1.052817354167000076e+03 6.125000000000000000e+02
1.053766520832999959e+03 6.130000000000000000e+02
1.054718458332999944e+03 6.135000000000000000e+02
1.055578708332999895e+03 6.140000000000000000e+02
1.056475437499999998e+03 6.145000000000000000e+02
1.057394541667000112e+03 6.150000000000000000e+02
1.058328770832999908e+03 6.155000000000000000e+02
1.059166333333000011e+03 6.160000000000000000e+02
1.060062374999999975e+03 6.165000000000000000e+02
1.060907124999999951e+03 6.170000000000000000e+02
1.061806479166999907e+03 6.175000000000000000e+02
1.062672375000000102e+03 6.180000000000000000e+02
1.063549729166999896e+03 6.185000000000000000e+02
1.064397312499999998e+03 6.190000000000000000e+02
1.065288187500000049e+03 6.195000000000000000e+02
1.066157333332999997e+03 6.200000000000000000e+02
1.067043666667000025e+03 6.205000000000000000e+02
1.067902645832999951e+03 6.210000000000000000e+02
1.068767520832999935e+03 6.215000000000000000e+02
1.069562083332999919e+03 6.220000000000000000e+02
1.070373333332999891e+03 6.225000000000000000e+02
1.071187437499999987e+03 6.230000000000000000e+02
1.072015333332999944e+03 6.235000000000000000e+02
1.072880812500000047e+03 6.240000000000000000e+02
1.073811041666999927e+03 6.245000000000000000e+02
1.074608583333000070e+03 6.250000000000000000e+02
1.075398312499999975e+03 6.255000000000000000e+02
1.076230062500000031e+03 6.260000000000000000e+02
1.077026000000000067e+03 6.265000000000000000e+02
1.077842583332999993e+03 6.270000000000000000e+02
1.078585770832999970e+03 6.275000000000000000e+02
1.079424166667000009e+03 6.280000000000000000e+02
1.080225104166999927e+03 6.285000000000000000e+02
1.081100604167000029e+03 6.290000000000000000e+02
1.081989354167000101e+03 6.295000000000000000e+02
1.082660354166999923e+03 6.300000000000000000e+02
1.083443416667000065e+03 6.305000000000000000e+02
1.084245083332999911e+03 6.310000000000000000e+02
1.085054645832999995e+03 6.315000000000000000e+02
1.085822916667000072e+03 6.320000000000000000e+02
1.086617604167000081e+03 6.325000000000000000e+02
1.087456958333000102e+03 6.330000000000000000e+02
1.088226770833000046e+03 6.335000000000000000e+02
1.088961812499999951e+03 6.340000000000000000e+02
1.089745791667000049e+03 6.345000000000000000e+02
1.090570229166999979e+03 6.350000000000000000e+02
1.091306187500000078e+03 6.355000000000000000e+02
1.092106416667000076e+03 6.360000000000000000e+02
1.092907999999999902e+03 6.365000000000000000e+02
1.093792708333000064e+03 6.370000000000000000e+02
1.094480250000000069e+03 6.375000000000000000e+02
1.095250874999999951e+03 6.380000000000000000e+02
1.096094875000000002e+03 6.385000000000000000e+02
1.096983333333000019e+03 6.390000000000000000e+02
1.097760645832999899e+03 6.395000000000000000e+02
1.098650291666999919e+03 6.400000000000000000e+02
1.099424541667000085e+03 6.405000000000000000e+02
1.100257270832999893e+03 6.410000000000000000e+02
1.100987208332999899e+03 6.415000000000000000e+02
1.101780270833000031e+03 6.420000000000000000e+02
1.102570750000000089e+03 6.425000000000000000e+02
1.103370895833000077e+03 6.430000000000000000e+02
1.104135479167000085e+03 6.435000000000000000e+02
1.104957166666999910e+03 6.440000000000000000e+02
1.105770520833000091e+03 6.445000000000000000e+02
1.106593291666999903e+03 6.450000000000000000e+02
1.107272687500000075e+03 6.455000000000000000e+02
1.108141562499999964e+03 6.460000000000000000e+02
1.108930520832999946e+03 6.465000000000000000e+02
1.109728520832999948e+03 6.470000000000000000e+02
1.110575520832999928e+03 6.475000000000000000e+02
1.111440937500000018e+03 6.480000000000000000e+02
1.112227062500000102e+03 6.485000000000000000e+02
1.112992749999999887e+03 6.490000000000000000e+02
1.113803937500000075e+03 6.495000000000000000e+02
1.114643166667000060e+03 6.500000000000000000e+02
1.115429958333000059e+03 6.505000000000000000e+02
1.116219729166999969e+03 6.510000000000000000e+02
1.117018541666999909e+03 6.515000000000000000e+02
1.117763625000000047e+03 6.520000000000000000e+02
1.118578541667000081e+03 6.525000000000000000e+02
1.119420666666999978e+03 6.530000000000000000e+02
1.120164333333000059e+03 6.535000000000000000e+02
1.120996645833000002e+03 6.540000000000000000e+02
1.121749062500000036e+03 6.545000000000000000e+02
1.122586208333000059e+03 6.550000000000000000e+02
1.123404270833000055e+03 6.555000000000000000e+02
1.124187583333000021e+03 6.560000000000000000e+02
1.125002520833000062e+03 6.565000000000000000e+02
1.125873583332999942e+03 6.570000000000000000e+02
1.126664812499999925e+03 6.575000000000000000e+02
1.127470458332999897e+03 6.580000000000000000e+02
1.128283312499999965e+03 6.585000000000000000e+02
1.129089208332999988e+03 6.590000000000000000e+02
1.129950583332999940e+03 6.595000000000000000e+02
1.130869875000000093e+03 6.600000000000000000e+02
1.131705083332999948e+03 6.605000000000000000e+02
1.132612979167000049e+03 6.610000000000000000e+02
1.133502437500000042e+03 6.615000000000000000e+02
1.134241812499999924e+03 6.620000000000000000e+02
1.134976229166999929e+03 6.625000000000000000e+02
1.135746000000000095e+03 6.630000000000000000e+02
1.136694854166999903e+03 6.635000000000000000e+02
1.138149937500000078e+03 6.640000000000000000e+02
1.138884187500000053e+03 6.645000000000000000e+02
1.139803354166999952e+03 6.650000000000000000e+02
1.140568250000000035e+03 6.655000000000000000e+02
1.141376125000000002e+03 6.660000000000000000e+02
1.142218083333000095e+03 6.665000000000000000e+02
1.143037895832999993e+03 6.670000000000000000e+02
1.143835749999999962e+03 6.675000000000000000e+02
1.144682187500000055e+03 6.680000000000000000e+02
1.145569041666999965e+03 6.685000000000000000e+02
1.146439083333000099e+03 6.690000000000000000e+02
1.147221437500000093e+03 6.695000000000000000e+02
1.148095125000000053e+03 6.700000000000000000e+02
1.149003375000000005e+03 6.705000000000000000e+02
1.149834374999999909e+03 6.710000000000000000e+02
1.150712687499999902e+03 6.715000000000000000e+02
1.151694583333000082e+03 6.720000000000000000e+02
1.152625437500000089e+03 6.725000000000000000e+02
1.153581104166999921e+03 6.730000000000000000e+02
1.154405375000000049e+03 6.735000000000000000e+02
1.155286520832999940e+03 6.740000000000000000e+02
1.156269854166999949e+03 6.745000000000000000e+02
1.157211166667000043e+03 6.750000000000000000e+02
1.158042708333000064e+03 6.755000000000000000e+02
1.159080041666999932e+03 6.760000000000000000e+02
1.160017333332999897e+03 6.765000000000000000e+02
1.160911812499999996e+03 6.770000000000000000e+02
1.161782062499999938e+03 6.775000000000000000e+02
1.162799604167000098e+03 6.780000000000000000e+02
1.163769645832999913e+03 6.785000000000000000e+02
1.164680312499999900e+03 6.790000000000000000e+02
1.165544249999999920e+03 6.795000000000000000e+02
1.166478562499999953e+03 6.800000000000000000e+02
1.167405666667000105e+03 6.805000000000000000e+02
1.168310937499999909e+03 6.810000000000000000e+02
1.169186875000000100e+03 6.815000000000000000e+02
1.170092708333000019e+03 6.820000000000000000e+02
1.171038333333000082e+03 6.825000000000000000e+02
1.171943333333000055e+03 6.830000000000000000e+02
1.172897416667000016e+03 6.835000000000000000e+02
1.173942520832999890e+03 6.840000000000000000e+02
1.174785624999999982e+03 6.845000000000000000e+02
1.175641499999999951e+03 6.850000000000000000e+02
1.176375208333000046e+03 6.855000000000000000e+02
1.177165770832999897e+03 6.860000000000000000e+02
1.178081229166999947e+03 6.865000000000000000e+02
1.178958770833000017e+03 6.870000000000000000e+02
1.179871875000000045e+03 6.875000000000000000e+02
1.180838375000000042e+03 6.880000000000000000e+02
1.181776708332999988e+03 6.885000000000000000e+02
1.182712020832999997e+03 6.890000000000000000e+02
1.183646750000000111e+03 6.895000000000000000e+02
1.184546145833000082e+03 6.900000000000000000e+02
1.185469270833000110e+03 6.905000000000000000e+02
1.186335229167000080e+03 6.910000000000000000e+02
1.187230749999999944e+03 6.915000000000000000e+02
1.188392312499999889e+03 6.920000000000000000e+02
1.189258437499999900e+03 6.925000000000000000e+02
1.190202937499999962e+03 6.930000000000000000e+02
1.191169812500000035e+03 6.935000000000000000e+02
1.192153187500000058e+03 6.940000000000000000e+02
1.193201854166999965e+03 6.945000000000000000e+02
1.194165333333000035e+03 6.950000000000000000e+02
1.195250166667000030e+03 6.955000000000000000e+02
1.196525270832999922e+03 6.960000000000000000e+02
1.197409625000000005e+03 6.965000000000000000e+02
1.198288520832999893e+03 6.970000000000000000e+02
1.199182874999999967e+03 6.975000000000000000e+02
1.200044979167000065e+03 6.980000000000000000e+02
1.200836083333000033e+03 6.985000000000000000e+02
1.201713604167000085e+03 6.990000000000000000e+02
1.202572833333000062e+03 6.995000000000000000e+02
1.203400229166999907e+03 7.000000000000000000e+02
1.204137874999999894e+03 7.005000000000000000e+02
1.204980687499999931e+03 7.010000000000000000e+02
1.205929125000000113e+03 7.015000000000000000e+02
1.208253958332999900e+03 7.020000000000000000e+02
1.209192500000000109e+03 7.025000000000000000e+02
1.210154479167000090e+03 7.030000000000000000e+02
1.211623041667000052e+03 7.035000000000000000e+02
1.214376583333000099e+03 7.040000000000000000e+02
1.215387791667000101e+03 7.045000000000000000e+02
1.216391562499999964e+03 7.050000000000000000e+02
1.217349375000000009e+03 7.055000000000000000e+02
1.218582979167000076e+03 7.060000000000000000e+02
1.219336770832999946e+03 7.065000000000000000e+02
1.219989854166999976e+03 7.070000000000000000e+02
1.220702729166999916e+03 7.075000000000000000e+02
1.221499958332999995e+03 7.080000000000000000e+02
1.222255041666999887e+03 7.085000000000000000e+02
1.223078916666999930e+03 7.090000000000000000e+02
1.223786125000000084e+03 7.095000000000000000e+02
1.224536125000000084e+03 7.100000000000000000e+02
1.225212729166999907e+03 7.105000000000000000e+02
1.225846770832999937e+03 7.110000000000000000e+02
1.226479041667000047e+03 7.115000000000000000e+02
1.227169145832999902e+03 7.120000000000000000e+02
1.227878333333000000e+03 7.125000000000000000e+02
1.228647104166999952e+03 7.130000000000000000e+02
1.229278666666999925e+03 7.135000000000000000e+02
1.230042395833000000e+03 7.140000000000000000e+02
1.230670937500000036e+03 7.145000000000000000e+02
1.231352104167000107e+03 7.150000000000000000e+02
1.232014875000000075e+03 7.155000000000000000e+02
1.232769958332999977e+03 7.160000000000000000e+02
1.233505062499999894e+03 7.165000000000000000e+02
1.234218624999999975e+03 7.170000000000000000e+02
1.234880208332999928e+03 7.175000000000000000e+02
1.235568187500000022e+03 7.180000000000000000e+02
1.236296937500000013e+03 7.185000000000000000e+02
1.237052770833000068e+03 7.190000000000000000e+02
1.237772062499999947e+03 7.195000000000000000e+02
1.238466895833000081e+03 7.200000000000000000e+02
1.239181229167000083e+03 7.205000000000000000e+02
1.239839270833000000e+03 7.210000000000000000e+02
1.240483999999999924e+03 7.215000000000000000e+02
1.241144708332999926e+03 7.220000000000000000e+02
1.241818479167000078e+03 7.225000000000000000e+02
1.242387208332999990e+03 7.230000000000000000e+02
1.243069750000000113e+03 7.235000000000000000e+02
1.243700916667000001e+03 7.240000000000000000e+02
1.244370354166999959e+03 7.245000000000000000e+02
1.245072833333000062e+03 7.250000000000000000e+02
1.245730104167000036e+03 7.255000000000000000e+02
1.246383229167000081e+03 7.260000000000000000e+02
1.247041291666999996e+03 7.265000000000000000e+02
1.247690749999999980e+03 7.270000000000000000e+02
1.248401895833000026e+03 7.275000000000000000e+02
1.249074083333000090e+03 7.280000000000000000e+02
1.249790208333000010e+03 7.285000000000000000e+02
1.250509375000000091e+03 7.290000000000000000e+02
1.251122291666999899e+03 7.295000000000000000e+02
1.251745583333000013e+03 7.300000000000000000e+02
1.252441541666999910e+03 7.305000000000000000e+02
1.253096583332999899e+03 7.310000000000000000e+02
1.253757624999999962e+03 7.315000000000000000e+02
1.254319541667000067e+03 7.320000000000000000e+02
1.255007416666999916e+03 7.325000000000000000e+02
1.255646083332999979e+03 7.330000000000000000e+02
1.256282645833000061e+03 7.335000000000000000e+02
1.256909479166999972e+03 7.340000000000000000e+02
1.257487104167000098e+03 7.345000000000000000e+02
1.258044041667000101e+03 7.350000000000000000e+02
1.258590937500000109e+03 7.355000000000000000e+02
1.259262999999999920e+03 7.360000000000000000e+02
1.259857250000000022e+03 7.365000000000000000e+02
1.260530604167000092e+03 7.370000000000000000e+02
1.261128416667000010e+03 7.375000000000000000e+02
1.261740270833000068e+03 7.380000000000000000e+02
1.262313937500000065e+03 7.385000000000000000e+02
1.262897729167000080e+03 7.390000000000000000e+02
1.263454437500000040e+03 7.395000000000000000e+02
1.264007541666999941e+03 7.400000000000000000e+02
1.264572229166999932e+03 7.405000000000000000e+02
1.265205500000000029e+03 7.410000000000000000e+02
1.265783437499999991e+03 7.415000000000000000e+02
1.266397416667000016e+03 7.420000000000000000e+02
1.266963020832999973e+03 7.425000000000000000e+02
1.267418958333000091e+03 7.430000000000000000e+02
1.267977416666999943e+03 7.435000000000000000e+02
1.268573312499999929e+03 7.440000000000000000e+02
1.269108375000000024e+03 7.445000000000000000e+02
1.269692354167000076e+03 7.450000000000000000e+02
1.270305062500000076e+03 7.455000000000000000e+02
1.270818833332999930e+03 7.460000000000000000e+02
1.271386999999999944e+03 7.465000000000000000e+02
1.271929499999999962e+03 7.470000000000000000e+02
1.272537312500000098e+03 7.475000000000000000e+02
1.273139729167000041e+03 7.480000000000000000e+02
1.273691937499999995e+03 7.485000000000000000e+02
1.274279291667000052e+03 7.490000000000000000e+02
1.274849041666999938e+03 7.495000000000000000e+02
1.275411270832999890e+03 7.500000000000000000e+02
1.275994958333000113e+03 7.505000000000000000e+02
1.276584374999999909e+03 7.510000000000000000e+02
1.277173125000000027e+03 7.515000000000000000e+02
1.277849312499999996e+03 7.520000000000000000e+02
1.278462500000000091e+03 7.525000000000000000e+02
1.279148625000000038e+03 7.530000000000000000e+02
1.279728020833000073e+03 7.535000000000000000e+02
1.280379020832999913e+03 7.540000000000000000e+02
1.281013500000000022e+03 7.545000000000000000e+02
1.281655791666999903e+03 7.550000000000000000e+02
1.282247499999999945e+03 7.555000000000000000e+02
1.282935416667000027e+03 7.560000000000000000e+02
1.283671916667000005e+03 7.565000000000000000e+02
1.284400687500000004e+03 7.570000000000000000e+02
1.285055041667000069e+03 7.575000000000000000e+02
1.285749437500000113e+03 7.580000000000000000e+02
1.286396166666999989e+03 7.585000000000000000e+02
1.287217791667000029e+03 7.590000000000000000e+02
1.287967145832999904e+03 7.595000000000000000e+02
1.289205999999999904e+03 7.600000000000000000e+02
1.289929312499999924e+03 7.605000000000000000e+02
1.290649750000000040e+03 7.610000000000000000e+02
1.291501958332999948e+03 7.615000000000000000e+02
1.292139249999999947e+03 7.620000000000000000e+02
1.292984416667000005e+03 7.625000000000000000e+02
1.293671833332999995e+03 7.630000000000000000e+02
1.294441000000000031e+03 7.635000000000000000e+02
1.295305416666999918e+03 7.640000000000000000e+02
1.295977291666999918e+03 7.645000000000000000e+02
1.296701291667000078e+03 7.650000000000000000e+02
1.297441270833000090e+03 7.655000000000000000e+02
1.298135520833000101e+03 7.660000000000000000e+02
1.298846520833000113e+03 7.665000000000000000e+02
1.299663479167000105e+03 7.670000000000000000e+02
1.300448020833000101e+03 7.675000000000000000e+02
1.301130645833000017e+03 7.680000000000000000e+02
1.301845916666999983e+03 7.685000000000000000e+02
1.302649229166999930e+03 7.690000000000000000e+02
1.303390312499999936e+03 7.695000000000000000e+02
1.304092541666999978e+03 7.700000000000000000e+02
1.304798375000000078e+03 7.705000000000000000e+02
1.305622708332999991e+03 7.710000000000000000e+02
1.306399395832999971e+03 7.715000000000000000e+02
1.307346041667000009e+03 7.720000000000000000e+02
1.308130958333000081e+03 7.725000000000000000e+02
1.308924583333000101e+03 7.730000000000000000e+02
1.309760520833000101e+03 7.735000000000000000e+02
1.310526562499999955e+03 7.740000000000000000e+02
1.311282041666999930e+03 7.745000000000000000e+02
1.312068666666999889e+03 7.750000000000000000e+02
1.313195958332999908e+03 7.755000000000000000e+02
1.315167020832999924e+03 7.760000000000000000e+02
1.315880041666999887e+03 7.765000000000000000e+02
1.316497895833000030e+03 7.770000000000000000e+02
1.317196395832999997e+03 7.775000000000000000e+02
1.317974229166999976e+03 7.780000000000000000e+02
1.318642374999999902e+03 7.785000000000000000e+02
1.319429458332999957e+03 7.790000000000000000e+02
1.320155604167000092e+03 7.795000000000000000e+02
1.320923250000000053e+03 7.800000000000000000e+02
1.321681770832999973e+03 7.805000000000000000e+02
1.322252562500000067e+03 7.810000000000000000e+02
1.323005625000000009e+03 7.815000000000000000e+02
1.323597770832999913e+03 7.820000000000000000e+02
1.324295729166999990e+03 7.825000000000000000e+02
1.325013312499999984e+03 7.830000000000000000e+02
1.325653291667000076e+03 7.835000000000000000e+02
1.326452937499999962e+03 7.840000000000000000e+02
1.327082374999999956e+03 7.845000000000000000e+02
1.327781354167000018e+03 7.850000000000000000e+02
1.328439416666999932e+03 7.855000000000000000e+02
1.329087270833000048e+03 7.860000000000000000e+02
1.329727395832999946e+03 7.865000000000000000e+02
1.330277000000000044e+03 7.870000000000000000e+02
1.330984062499999936e+03 7.875000000000000000e+02
1.331662270833000093e+03 7.880000000000000000e+02
1.332504020832999913e+03 7.885000000000000000e+02
1.333145500000000084e+03 7.890000000000000000e+02
1.333794354166999938e+03 7.895000000000000000e+02
1.334323833333000039e+03 7.900000000000000000e+02
1.334978041667000070e+03 7.905000000000000000e+02
1.335621062500000107e+03 7.910000000000000000e+02
1.336371104167000112e+03 7.915000000000000000e+02
1.337262625000000071e+03 7.920000000000000000e+02
1.338074249999999893e+03 7.925000000000000000e+02
1.338697791667000047e+03 7.930000000000000000e+02
1.339512999999999920e+03 7.935000000000000000e+02
1.340287687499999947e+03 7.940000000000000000e+02
1.341093270832999906e+03 7.945000000000000000e+02
1.341891249999999900e+03 7.950000000000000000e+02
1.342588041666999970e+03 7.955000000000000000e+02
1.343429395832999944e+03 7.960000000000000000e+02
1.344120374999999967e+03 7.965000000000000000e+02
1.344932812499999955e+03 7.970000000000000000e+02
1.345658333332999973e+03 7.975000000000000000e+02
1.346379458333000002e+03 7.980000000000000000e+02
1.347096562499999891e+03 7.985000000000000000e+02
1.347793333332999964e+03 7.990000000000000000e+02
1.348855062500000031e+03 7.995000000000000000e+02
1.350275687500000004e+03 8.000000000000000000e+02
1.351229041667000047e+03 8.005000000000000000e+02
1.351932499999999891e+03 8.010000000000000000e+02
1.352720979166999996e+03 8.015000000000000000e+02
1.353584916667000016e+03 8.020000000000000000e+02
1.354359354166999992e+03 8.025000000000000000e+02
1.355090791667000076e+03 8.030000000000000000e+02
1.355954625000000078e+03 8.035000000000000000e+02
1.356713812499999904e+03 8.040000000000000000e+02
1.357486479166999970e+03 8.045000000000000000e+02
1.358409625000000005e+03 8.050000000000000000e+02
1.359124333333000095e+03 8.055000000000000000e+02
1.359822708333000037e+03 8.060000000000000000e+02
1.360740583332999904e+03 8.065000000000000000e+02
1.361581770833000064e+03 8.070000000000000000e+02
1.362479104167000060e+03 8.075000000000000000e+02
1.363339562500000056e+03 8.080000000000000000e+02
