1.469125000000000014e+00
4.035812499999999581e+00
4.953270833000000373e+00
6.312041666499999870e+00
6.761520832999999620e+00
8.133864583499999412e+00
8.580916667000000331e+00
1.204397916699999982e+01
1.387977083300000025e+01
1.450562822215502834e+01
1.513933760155195962e+01
1.578708333300000000e+01
1.754777083300000129e+01
1.845610416699999945e+01
1.929356250000000017e+01
2.016554166699999939e+01
2.096437500000000043e+01
2.174247916699999905e+01
2.325872916699999848e+01
2.697431249999999991e+01
2.851635416699999936e+01
3.013604166700000064e+01
3.237214583299999759e+01
3.272403124999999591e+01
3.307591666700000133e+01
3.463441666700000354e+01
3.550204166700000030e+01
3.590501041699999973e+01
3.630797916699999917e+01
3.866718749999999716e+01
3.902695833349999788e+01
3.938672916699999860e+01
4.005843749999999659e+01
4.076770833300000163e+01
4.155275000000000318e+01
4.282300000000000040e+01
4.461510416699999837e+01
4.622170833300000226e+01
4.785464583299999930e+01
4.970539583299999720e+01
5.222745833300000129e+01
5.266885416649999740e+01
5.311025000000000063e+01
5.495760416699999951e+01
5.625906249999999886e+01
5.771745833300000328e+01
6.094995833299999788e+01
6.199320833299999833e+01
6.374972916699999814e+01
6.462593750000000625e+01
6.545754166700000098e+01
6.727641666700000656e+01
6.818093749999999886e+01
6.910454166700000656e+01
6.986966666700000417e+01
7.020804166700000337e+01
7.054641666700000258e+01
7.124977083299999947e+01
7.210139583299999799e+01
7.286370833300000527e+01
7.363843749999999488e+01
7.449435416699999735e+01
7.499480208349999089e+01
7.549524999999999864e+01
7.839839583299999504e+01
7.947145833300000106e+01
8.036366666700000394e+01
8.113158333299999470e+01
8.193164583300000459e+01
8.255549999999999500e+01
8.317935416699999962e+01
8.828020833300000447e+01
9.001466666700000019e+01
9.146331250000000068e+01
9.220193749999999966e+01
9.296666666699999837e+01
9.373622916700000474e+01
9.458585416699999371e+01
9.628579166699999803e+01
9.795237500000000352e+01
9.876570833300000629e+01
9.950000000000000000e+01
1.002528125000000045e+02
1.016170833329999965e+02
1.032262083330000024e+02
1.048202708329999950e+02
1.055361874999999969e+02
1.062492291669999958e+02
1.071042291669999997e+02
1.081019791669999961e+02
1.097667291669999940e+02
1.114732499999999931e+02
1.122187291670000064e+02
1.130084999999999980e+02
1.138512708330000009e+02
1.154243541670000042e+02
1.170979999999999990e+02
1.188154166669999938e+02
1.196705000000000041e+02
1.204448958330000039e+02
1.212087291670000013e+02
1.220728541670000027e+02
1.228762916670000038e+02
1.232666875000000033e+02
1.236570833330000028e+02
1.240841041664999977e+02
1.245111250000000069e+02
1.249567083335000035e+02
1.254022916670000001e+02
1.262537291670000030e+02
1.281520624999999995e+02
1.292260416670000041e+02
1.316085416669999972e+02
1.323713124999999877e+02
1.331242916669999943e+02
1.338211041669999872e+02
1.345660000000000025e+02
1.352998333330000094e+02
1.375720208330000105e+02
1.383961458329999914e+02
1.391602291670000113e+02
1.399205416670000091e+02
1.406944166670000129e+02
1.414747083329999953e+02
1.437393749999999955e+02
1.443891250000000070e+02
1.450648750000000007e+02
1.457764999999999986e+02
1.464633125000000007e+02
1.471876249999999970e+02
1.489460208330000057e+02
1.495208421201551516e+02
1.502255729126283654e+02
1.510705624999999941e+02
1.550203750000000014e+02
1.565631041670000059e+02
1.576547604164999825e+02
1.580384583329999941e+02
1.596318958329999873e+02
1.612922499999999957e+02
1.631352291670000056e+02
1.644214791670000011e+02
1.649100416670000016e+02
1.657301874999999995e+02
1.666903125000000045e+02
1.675885624999999948e+02
1.686445208330000014e+02
1.702150000000000034e+02
1.713785104165000064e+02
1.717443958329999987e+02
1.732869374999999934e+02
1.749460833329999900e+02
1.765349583329999916e+02
1.778410729170000195e+02
1.783260416669999984e+02
1.800507499999999936e+02
1.813359791670000050e+02
1.818180416669999886e+02
1.841796458329999950e+02
1.850683124999999905e+02
1.858263541670000052e+02
1.865679374999999993e+02
1.872895624999999882e+02
1.880991041670000072e+02
1.905011666670000068e+02
1.912678333329999987e+02
1.919773125000000107e+02
1.927275416669999970e+02
1.934271875000000023e+02
1.941860416670000120e+02
1.950266875000000084e+02
1.956958750000000009e+02
1.964089583329999869e+02
1.970827500000000043e+02
1.978350833330000000e+02
1.985492916670000056e+02
1.992664791670000000e+02
1.999967083329999866e+02
2.007111458329999891e+02
2.014908125000000041e+02
2.022290208329999928e+02
2.029666041670000141e+02
2.037253125000000011e+02
2.044646250000000123e+02
2.051929791670000043e+02
2.061911875000000123e+02
2.068770208329999889e+02
2.074637083329999996e+02
2.080842916670000022e+02
2.086619166670000141e+02
2.092884374999999864e+02
2.098697500000000105e+02
2.105832499999999925e+02
2.112399583330000041e+02
2.118532708330000105e+02
2.125184999999999889e+02
2.131983541669999909e+02
2.139329375000000084e+02
2.147470624999999984e+02
2.155600624999999866e+02
2.164901874999999905e+02
2.174590000000000032e+02
2.191408749999999941e+02
2.206858750000000100e+02
2.215585624999999936e+02
2.223214166669999940e+02
2.231214791669999897e+02
2.245114374999999995e+02
2.261876041669999893e+02
2.277240625000000023e+02
2.284282291670000120e+02
2.291570000000000107e+02
2.299300208329999862e+02
2.312267500000000098e+02
2.342048125000000027e+02
2.372314166669999906e+02
2.404955625000000055e+02
2.443487708330000032e+02
2.447876666669999963e+02
2.452849791669999888e+02
2.457548125000000141e+02
2.462156875000000014e+02
2.464741458335000175e+02
2.467326041670000052e+02
2.469699166670000068e+02
2.472072291670000084e+02
2.476969166670000106e+02
2.481427708329999859e+02
2.486302916669999945e+02
2.488683645835000107e+02
2.491064374999999984e+02
2.493760729164999930e+02
2.496457083329999875e+02
2.499021354164999877e+02
2.501585624999999879e+02
2.506522708329999887e+02
2.509363437499999918e+02
2.510783802084999934e+02
2.512204166669999950e+02
2.517371249999999918e+02
2.522409375000000011e+02
2.525080104164999852e+02
2.527750833329999978e+02
2.530222083329999805e+02
2.532693333329999916e+02
2.537913749999999879e+02
2.542926249999999868e+02
2.548689583329999948e+02
2.553632708330000014e+02
2.559428125000000023e+02
2.567121041670000068e+02
2.571868541669999786e+02
2.577212708330000055e+02
2.582455833330000132e+02
2.587410833330000060e+02
2.589796354165000025e+02
2.592181874999999991e+02
2.594545729165000125e+02
2.596909583330000260e+02
2.601598333329999946e+02
2.606099583330000087e+02
2.611212083330000269e+02
2.613522187500000200e+02
2.615832291670000131e+02
2.618140833334999797e+02
2.620449375000000032e+02
2.622951041664999821e+02
2.625452708330000178e+02
2.628206250000000068e+02
2.630959791669999959e+02
2.633174895834999916e+02
2.635389999999999873e+02
2.640694791669999972e+02
2.645746666669999740e+02
2.648367395834999911e+02
2.650988125000000082e+02
2.653337395835000052e+02
2.655686666670000022e+02
2.660534166670000218e+02
2.665657708329999878e+02
2.668225104164999948e+02
2.670792500000000018e+02
2.673615416664999884e+02
2.676438333329999750e+02
2.682351249999999823e+02
2.689014166669999781e+02
2.693824374999999804e+02
2.698385416670000154e+02
2.703196874999999864e+02
2.705388437499999554e+02
2.707579999999999814e+02
2.710227499999999736e+02
2.712875000000000227e+02
2.715197500000000446e+02
2.717520000000000095e+02
2.720115833334999706e+02
2.722711666669999886e+02
2.725212187500000027e+02
2.727712708330000169e+02
2.730217916665000075e+02
2.732723124999999982e+02
2.735052187500000400e+02
2.737381250000000250e+02
2.739996041665000348e+02
2.742610833329999878e+02
2.745430937500000255e+02
2.748251041670000063e+02
2.752749375000000214e+02
2.757934166669999740e+02
2.762940416669999877e+02
2.765517083334999597e+02
2.768093749999999886e+02
2.770500624999999673e+02
2.772907500000000027e+02
2.775652187499999854e+02
2.778396875000000250e+02
2.781044791665000275e+02
2.783692708329999732e+02
2.786104062499999827e+02
2.788515416669999922e+02
2.791096875000000068e+02
2.793678333330000214e+02
2.796356666665000148e+02
2.799035000000000082e+02
2.801667083334999688e+02
2.804299166669999863e+02
2.807347604169999613e+02
2.810396041669999931e+02
2.815271875000000250e+02
2.819975000000000023e+02
2.824886458330000210e+02
2.827675520829999982e+02
2.830464583329999755e+02
2.832938854164999611e+02
2.835413125000000036e+02
2.838048333335000279e+02
2.840683541669999954e+02
2.843377812500000346e+02
2.846072083330000169e+02
2.848703020830000128e+02
2.851333958330000087e+02
2.856355833329999996e+02
2.861263958330000037e+02
2.863826145829999632e+02
2.866388333329999796e+02
2.869219479165000166e+02
2.872050624999999968e+02
2.876765208329999837e+02
2.881569583329999773e+02
2.884321458329999928e+02
2.887073333330000082e+02
2.889787812499999973e+02
2.892502291669999863e+02
2.898221874999999841e+02
2.901233229165000012e+02
2.902738906247500381e+02
2.904244583330000182e+02
2.910574166669999840e+02
2.916049166669999977e+02
2.919008437500000355e+02
2.921967708330000164e+02
2.925162604165000175e+02
2.928357500000000186e+02
2.935805416669999772e+02
2.945698750000000246e+02
2.950285833329999718e+02
2.955436666670000250e+02
2.959783125000000155e+02
2.964954583329999878e+02
2.967425624999999627e+02
2.969896666669999945e+02
2.972519791670000018e+02
2.975142916670000091e+02
2.977523958335000316e+02
2.979904999999999973e+02
2.982420416664999721e+02
2.984935833330000037e+02
2.989390416670000263e+02
2.991777708335000057e+02
2.994164999999999850e+02
2.996550520834999816e+02
2.998936041669999781e+02
3.001528645834999907e+02
3.004121250000000032e+02
3.008704999999999927e+02
3.011274062500000355e+02
3.012558593750000000e+02
3.013843125000000214e+02
3.019418749999999818e+02
3.021869687500000055e+02
3.023095156249999604e+02
3.024320624999999723e+02
3.026795729164999784e+02
3.029270833329999846e+02
3.032164270829999850e+02
3.035057708329999855e+02
3.039900625000000218e+02
3.044709166669999831e+02
3.050092916670000136e+02
3.055394583330000273e+02
3.060485833330000105e+02
3.066600624999999809e+02
3.071435833329999809e+02
3.076416249999999764e+02
3.081187083329999723e+02
3.086508958329999928e+02
3.088851666665000266e+02
3.091194375000000036e+02
3.093860520834999761e+02
3.096526666670000054e+02
3.098922395834999861e+02
3.101318125000000236e+02
3.103548437499999864e+02
3.105778750000000059e+02
3.110038124999999809e+02
3.112664583334999975e+02
3.115291041670000141e+02
3.117850833334999834e+02
3.120410625000000095e+02
3.123044166665000034e+02
3.125677708329999973e+02
3.128125833330000205e+02
3.130573958329999869e+02
3.132854999999999563e+02
3.135136041669999827e+02
3.137788645834999670e+02
3.140441250000000082e+02
3.142989270834999616e+02
3.145537291669999718e+02
3.148066458334999993e+02
3.150595625000000268e+02
3.153215312500000209e+02
3.155835000000000150e+02
3.160728333330000055e+02
3.165794583329999909e+02
3.168289895830000091e+02
3.170785208330000273e+02
3.173440312500000005e+02
3.176095416669999736e+02
3.179051562500000045e+02
3.182007708329999787e+02
3.184634270829999991e+02
3.187260833330000196e+02
3.192800624999999854e+02
3.198296874999999773e+02
3.203251666670000191e+02
3.208923750000000155e+02
3.214037083329999973e+02
3.218946041670000113e+02
3.224216250000000059e+02
3.229356041670000081e+02
3.234151666669999940e+02
3.236725104170000122e+02
3.239298541669999736e+02
3.241912499999999682e+02
3.244526458330000196e+02
3.247072395830000460e+02
3.249618333330000155e+02
3.251817604164999693e+02
3.254016874999999800e+02
3.256555104164999648e+02
3.259093333330000064e+02
3.263967499999999973e+02
3.269425625000000082e+02
3.271844062499999950e+02
3.274262499999999818e+02
3.276894687500000032e+02
3.279526875000000246e+02
3.281962916664999739e+02
3.284398958329999800e+02
3.286991354164999848e+02
3.289583749999999895e+02
3.294522291669999845e+02
3.296994062499999814e+02
3.299465833329999782e+02
3.302137395830000060e+02
3.304808958329999768e+02
3.307394479165000121e+02
3.309979999999999905e+02
3.312561979165000139e+02
3.315143958329999805e+02
3.317721666664999702e+02
3.320299375000000168e+02
3.325528958329999796e+02
3.330857083330000137e+02
3.333330312499999764e+02
3.335803541669999959e+02
3.338451979170000072e+02
3.341100416670000186e+02
3.343452604170000200e+02
3.345804791670000213e+02
3.348673645835000343e+02
3.351542499999999905e+02
3.356205208330000005e+02
3.362042291669999940e+02
3.366978958330000182e+02
3.372706249999999955e+02
3.375299583334999625e+02
3.377892916669999863e+02
3.380467395834999706e+02
3.383041875000000118e+02
3.388424375000000168e+02
3.393481874999999945e+02
3.395924791664999702e+02
3.398367708330000028e+02
3.400849895830000378e+02
3.403332083330000160e+02
3.405713229164999802e+02
3.408094375000000014e+02
3.410824687499999754e+02
3.413555000000000064e+02
3.418593333329999950e+02
3.423787916669999731e+02
3.426287187499999618e+02
3.428786458330000073e+02
3.431448541665000107e+02
3.434110625000000141e+02
3.436815833335000434e+02
3.439521041670000159e+02
3.441991979169999922e+02
3.444462916670000254e+02
3.449547916669999950e+02
3.455727083329999800e+02
3.458290624999999636e+02
3.460854166670000041e+02
3.463446562500000141e+02
3.466038958330000241e+02
3.468615520829999923e+02
3.471192083330000173e+02
3.473798645829999714e+02
3.476405208329999823e+02
3.481544166670000209e+02
3.487014374999999973e+02
3.489532083335000152e+02
3.492049791669999763e+02
3.494862499999999841e+02
3.497675208329999919e+02
3.499962291665000294e+02
3.502249375000000100e+02
3.504793854165000084e+02
3.507338333330000069e+02
3.512121875000000273e+02
3.517367499999999723e+02
3.519419791665000048e+02
3.521472083329999805e+02
3.524028124999999818e+02
3.526584166669999831e+02
3.528713020834999838e+02
3.530841874999999845e+02
3.533117395834999570e+02
3.535392916669999863e+02
3.540380208330000187e+02
3.545676041670000131e+02
3.550657083329999750e+02
3.557325833329999796e+02
3.562588749999999891e+02
3.567901041669999813e+02
3.570596145834999788e+02
3.573291249999999764e+02
3.578647708330000228e+02
3.581195208330000241e+02
3.583742708330000255e+02
3.589954999999999927e+02
3.595109166670000036e+02
3.600237708330000146e+02
3.602930208330000141e+02
3.605622708330000137e+02
3.612345416669999736e+02
3.615398645834999911e+02
3.618451875000000086e+02
3.625371458330000110e+02
3.631047291670000163e+02
3.636763750000000073e+02
3.639215416664999907e+02
3.641667083329999741e+02
3.647708958329999973e+02
3.650736562499999991e+02
3.653764166670000009e+02
3.660950833329999909e+02
3.667334999999999923e+02
3.673572916670000268e+02
3.677227395835000152e+02
3.680881875000000036e+02
3.688847708330000046e+02
3.695145416665000084e+02
3.701443125000000123e+02
3.716650624999999764e+02
3.742468958329999964e+02
3.746476979164999648e+02
3.750484999999999900e+02
3.763641041669999936e+02
3.767870416669999827e+02
3.783153958330000250e+02
3.788206458330000146e+02
3.806531666669999936e+02
3.815234166669999922e+02
3.823084583329999759e+02
3.831561041670000236e+02
3.840020833329999732e+02
3.845620049424642843e+02
3.848445624999999950e+02
3.851216831193462440e+02
3.856864583330000187e+02
3.874587083330000041e+02
3.883482916670000122e+02
3.887920208335000325e+02
3.892357499999999959e+02
3.899848124999999754e+02
3.907244791670000268e+02
3.915416458330000182e+02
3.924674166670000091e+02
3.962165208330000041e+02
3.977779583330000150e+02
3.992981666669999754e+02
4.015569375000000036e+02
4.019241354165000075e+02
4.022913333330000114e+02
4.037207500000000095e+02
4.044458958330000087e+02
4.048759999999999764e+02
4.053061041670000009e+02
4.075779375000000186e+02
4.079509687500000155e+02
4.083240000000000123e+02
4.089873541669999781e+02
4.097668750000000273e+02
4.105249583329999723e+02
4.117158749999999827e+02
4.132851249999999936e+02
4.148287083330000087e+02
4.164118958330000169e+02
4.185249375000000214e+02
4.211425624999999968e+02
4.216237708334999752e+02
4.221049791670000104e+02
4.245287291669999945e+02
4.257441458330000046e+02
4.274929999999999950e+02
4.293653958329999796e+02
4.300173958330000232e+02
4.309135208335000016e+02
4.311944374999999923e+02
4.318193333329999746e+02
4.321055625000000191e+02
4.323917916670000068e+02
4.333464166664999766e+02
4.336461249999999836e+02
4.345071249999999736e+02
4.347848541669999918e+02
4.372023541670000100e+02
4.389516666669999836e+02
4.394187291669999809e+02
4.402133541664999825e+02
4.404633124999999723e+02
4.410442708329999846e+02
4.413008645830000205e+02
4.415574583329999996e+02
4.423939270834999888e+02
4.426613541670000131e+02
4.434482604165000339e+02
4.436964375000000018e+02
4.444503229164999993e+02
4.446827708330000064e+02
4.454387812500000337e+02
4.456836458330000141e+02
4.467352916670000127e+02
4.472989375000000223e+02
4.478449166670000068e+02
4.483946041670000113e+02
4.486820416670000213e+02
4.489694791669999745e+02
4.494996041669999727e+02
4.497770729169999981e+02
4.500545416670000236e+02
4.508752708335000534e+02
4.511354375000000232e+02
4.519590208334999488e+02
4.522194999999999823e+02
4.527728958330000069e+02
4.530123020830000087e+02
4.532517083330000105e+02
4.537731458330000009e+02
4.540087708329999714e+02
4.542443958329999987e+02
4.550861666669999863e+02
4.553524166670000000e+02
4.561228541665000193e+02
4.563888958329999923e+02
4.569049999999999727e+02
4.571601458334999961e+02
4.574152916670000195e+02
4.578907708329999764e+02
4.581598333329999946e+02
4.584288958330000128e+02
4.592869270835000179e+02
4.595669166669999868e+02
4.603995625000000018e+02
4.606810624999999959e+02
4.640599791669999945e+02
4.646051874999999995e+02
4.651059166669999740e+02
4.656330416669999863e+02
4.660651458329999741e+02
4.665004791669999804e+02
4.667654895834999706e+02
4.670305000000000177e+02
4.673063645834999988e+02
4.675822291669999800e+02
4.678082187499999804e+02
4.680342083329999809e+02
4.685778333330000009e+02
4.688579791665000016e+02
4.691381250000000023e+02
4.696896666669999831e+02
4.700244687499999827e+02
4.703592708329999823e+02
4.706430312499999786e+02
4.712016666669999836e+02
4.717519687500000032e+02
4.723365208330000087e+02
4.726456458330000032e+02
4.731625000000000227e+02
4.737227500000000191e+02
4.742719374999999786e+02
4.748320833330000141e+02
4.754237291669999763e+02
4.757019895834999943e+02
4.759802500000000123e+02
4.762651041665000093e+02
4.765499583330000064e+02
4.768709062499999618e+02
4.771918541669999740e+02
4.777560416669999768e+02
4.780421874999999545e+02
4.783283333329999891e+02
4.788870833330000210e+02
4.791614166665000312e+02
4.794357499999999845e+02
4.797157916664999675e+02
4.802925208330000260e+02
4.808486979164999866e+02
4.813956458334999979e+02
4.816831041670000104e+02
4.822446249999999850e+02
4.827333750000000236e+02
4.833377291670000204e+02
4.838420624999999973e+02
4.843876458330000219e+02
4.846628229164999766e+02
4.849379999999999882e+02
4.852371562499999982e+02
4.855363125000000082e+02
4.857737812500000132e+02
4.860112500000000182e+02
4.865673541670000191e+02
4.868221875000000409e+02
4.870770208330000060e+02
4.875738541669999790e+02
4.878379687499999591e+02
4.881020833329999959e+02
4.886303125000000023e+02
4.888692187499999591e+02
4.891081249999999727e+02
4.893263124999999718e+02
4.895445000000000277e+02
4.897692083335000461e+02
4.899939166670000077e+02
4.905304583330000128e+02
4.907613229165000348e+02
4.909921875000000000e+02
4.912128333334999866e+02
4.914334791669999731e+02
4.916387499999999591e+02
4.918440208330000019e+02
4.924662083329999973e+02
4.927173229164999952e+02
4.929684374999999932e+02
4.931980208334999816e+02
4.934276041670000268e+02
4.936611250000000268e+02
4.938946458330000269e+02
4.944526041670000041e+02
4.946745104169999649e+02
4.948964166669999827e+02
4.951572187499999700e+02
4.954180208330000141e+02
4.956532291665000116e+02
4.958884375000000091e+02
4.964468958329999850e+02
4.967133854164999889e+02
4.969798749999999927e+02
4.972946562500000027e+02
4.976094375000000127e+02
4.979851666664999925e+02
4.983608958329999723e+02
4.986676979164999466e+02
4.989744999999999777e+02
4.992028541664999466e+02
4.994312083329999723e+02
4.996683229164999602e+02
4.999054375000000050e+02
5.001506145834999870e+02
5.003957916670000259e+02
5.006528020834999779e+02
5.009098124999999868e+02
5.011787604164999834e+02
5.014477083329999800e+02
5.017252812499999663e+02
5.020028541670000095e+02
5.022708333335000361e+02
5.025388125000000059e+02
5.028229062500000168e+02
5.031070000000000277e+02
5.033980208335000270e+02
5.036890416670000263e+02
5.039456562500000132e+02
5.042022708330000000e+02
5.044647604164999848e+02
5.047272500000000264e+02
5.049886770835000220e+02
5.052501041670000177e+02
5.055194062499999745e+02
5.057887083329999882e+02
5.060476249999999823e+02
5.061328664857054491e+02
5.063065416669999763e+02
5.064850849457926074e+02
5.065777499999999804e+02
5.068489583329999846e+02
5.071058958329999768e+02
5.073628333330000260e+02
5.076583020830000237e+02
5.079537708330000214e+02
5.082410624999999982e+02
5.085283541669999750e+02
5.088204583335000279e+02
5.091125625000000241e+02
5.093795833335000225e+02
5.096466041670000209e+02
5.099328125000000114e+02
5.102190208330000019e+02
5.105071979164999902e+02
5.107953749999999786e+02
5.110549895835000029e+02
5.113146041670000272e+02
5.115863645834999716e+02
5.118581249999999727e+02
5.121325312500000564e+02
5.124069375000000264e+02
5.126526354165000612e+02
5.128983333329999823e+02
5.131687812499999382e+02
5.134392291670000077e+02
5.136846770834999916e+02
5.139301249999999754e+02
5.142017291664999448e+02
5.144733333330000278e+02
5.147260416665000093e+02
5.149787499999999909e+02
5.152588124999999764e+02
5.155388749999999618e+02
5.158697812499999600e+02
5.162006874999999582e+02
5.164651562500000637e+02
5.167296250000000555e+02
5.173620208329999741e+02
5.176427187499999718e+02
5.179234166669999695e+02
5.181921458335000352e+02
5.184608749999999873e+02
5.187234062499999254e+02
5.189859374999999773e+02
5.195283958329999905e+02
5.197778958330000023e+02
5.200273958330000141e+02
5.202876979165000648e+02
5.205480000000000018e+02
5.208151874999999791e+02
5.210823749999999563e+02
5.216081041669999649e+02
5.218263958334999870e+02
5.220446875000000091e+02
5.223093020835000289e+02
5.225739166670000486e+02
5.228128020834999461e+02
5.230516874999999573e+02
5.235603541670000141e+02
5.238085208334999834e+02
5.240566874999999527e+02
5.243178333334999479e+02
5.245789791670000568e+02
5.248430520834999697e+02
5.251071249999999964e+02
5.255822500000000446e+02
5.258660937500000045e+02
5.261499374999999645e+02
5.264286979164999138e+02
5.267074583329999768e+02
5.269616666664999229e+02
5.272158749999999827e+02
5.277552083330000414e+02
5.280366145830000733e+02
5.283180208329999914e+02
5.285950833330000478e+02
5.288721458329999905e+02
5.291276979164999830e+02
5.293832499999999754e+02
5.298933958329999996e+02
5.301656041664999748e+02
5.304378124999999500e+02
5.307290312499999345e+02
5.310202500000000327e+02
5.312765624999999545e+02
5.315328749999999900e+02
5.320742916670000113e+02
5.323485520834999534e+02
5.326228125000000091e+02
5.329145104164999793e+02
5.332062083329999496e+02
5.334904062499999782e+02
5.337746041670000068e+02
5.343169166669999868e+02
5.345630208334999907e+02
5.348091249999999945e+02
5.353816874999999982e+02
5.356218958335000480e+02
5.358621041669999840e+02
5.364626250000000027e+02
5.367386874999999691e+02
5.370147500000000491e+02
5.373030833335000125e+02
5.375914166669999759e+02
5.378507500000000618e+02
5.381100833330000341e+02
5.386441666670000359e+02
5.389126770835000571e+02
5.391811874999999645e+02
5.397297499999999673e+02
5.399933229165000057e+02
5.402568958330000441e+02
5.407563541670000404e+02
5.410178541669999959e+02
5.412793541669999513e+02
5.415586979170000177e+02
5.418380416669999704e+02
5.421070104169999695e+02
5.423759791669999686e+02
5.428988749999999754e+02
5.431645520834999843e+02
5.434302291669999931e+02
5.439669583329999796e+02
5.442459062499999618e+02
5.445248541669999440e+02
5.450832708330000287e+02
5.453433229165000284e+02
5.456033750000000282e+02
5.458693854164999948e+02
5.461353958329999614e+02
5.463727812500000027e+02
5.466101666670000441e+02
5.471654375000000528e+02
5.474343750000000455e+02
5.477033125000000382e+02
5.482164583329999914e+02
5.485178437499999973e+02
5.488192291670000031e+02
5.492754999999999654e+02
5.495468854165000039e+02
5.498182708330000423e+02
5.500946041664999484e+02
5.503709374999999682e+02
5.506267395835000116e+02
5.508825416670000550e+02
5.514064791670000432e+02
5.516923541670000759e+02
5.519782291669999950e+02
5.525151041670000041e+02
5.527974583335000034e+02
5.530798125000000027e+02
5.535574374999999918e+02
5.538346249999999600e+02
5.541118125000000418e+02
5.546349374999999782e+02
5.549241250000000036e+02
5.552133125000000291e+02
5.566165833329999941e+02
5.577655416669999795e+02
5.590002083330000460e+02
5.601666874999999663e+02
5.608288125000000264e+02
5.611446354165000230e+02
5.614604583330000196e+02
5.620578958329999750e+02
5.623429479164999520e+02
5.626280000000000427e+02
5.632714166670000395e+02
5.635728020834999370e+02
5.638741874999999482e+02
5.645084583330000214e+02
5.647968541664999975e+02
5.650852499999999736e+02
5.655994583330000296e+02
5.658935729165000339e+02
5.661876875000000382e+02
5.668079374999999800e+02
5.674341249999999945e+02
5.680104583329999741e+02
5.688993958329999714e+02
5.701544583329999796e+02
5.716253958329999705e+02
5.730441458330000160e+02
5.747577708329999950e+02
5.773307708329999741e+02
5.785762708329999668e+02
5.797485833330000560e+02
5.800577708329999496e+02
5.803669583329999568e+02
5.806223541664999175e+02
5.808777499999999918e+02
5.814106458329999896e+02
5.816452916665000430e+02
5.818799374999999827e+02
5.821468229165000139e+02
5.824137083330000451e+02
5.826913333330001024e+02
5.829689583330000460e+02
5.835866458330000341e+02
5.838637916664999921e+02
5.841409374999999500e+02
5.844276041665000321e+02
5.847142708330000005e+02
5.850412916665000012e+02
5.853683125000000018e+02
5.866108124999999518e+02
5.877948333330000423e+02
5.890299166669999522e+02
5.893344583334999243e+02
5.896390000000000100e+02
5.899397604165000075e+02
5.902405208330000050e+02
5.908375624999999900e+02
5.910986458334999725e+02
5.913597291669999549e+02
5.916487604169999486e+02
5.919377916670000559e+02
5.921984791669999595e+02
5.924591666669999768e+02
5.930002083330000460e+02
5.933151666665000903e+02
5.936301250000000209e+02
5.939471979165000448e+02
5.942642708329999550e+02
5.945349895829999696e+02
5.948057083329999841e+02
5.965133333329999914e+02
5.974857083330000478e+02
5.980030416670000477e+02
5.984386875000000146e+02
5.987192187499999818e+02
5.989997499999999491e+02
5.992730104165000284e+02
5.995462708329999941e+02
6.001171458329999950e+02
6.004120625000000473e+02
6.007069791669999859e+02
6.009610416670000177e+02
6.012151041670000495e+02
6.014914687499999673e+02
6.017678333329999987e+02
6.023370625000000018e+02
6.025787812500000200e+02
6.028205000000000382e+02
6.030693229165000275e+02
6.033181458330000169e+02
6.036027187500000082e+02
6.038872916669999995e+02
6.049787499999999909e+02
6.061541666670000268e+02
6.073336874999999964e+02
6.085091875000000528e+02
6.090986874999999827e+02
6.093640833335000480e+02
6.096294791669999995e+02
6.102542499999999563e+02
6.105114687499999491e+02
6.107686875000000555e+02
6.113157083329999750e+02
6.115748125000000073e+02
6.118339166670000395e+02
6.123873541670000122e+02
6.126627083334999497e+02
6.129380625000000009e+02
6.142262291670000423e+02
6.156105208330000096e+02
6.171808333330000096e+02
6.175144374999999854e+02
6.178480416669999613e+02
6.181737395835000370e+02
6.184994374999999991e+02
6.191243124999999736e+02
6.194874374999999418e+02
6.198505625000000236e+02
6.205487708330000487e+02
6.208724062500000400e+02
6.211960416670000313e+02
6.218149791670000468e+02
6.221258229170000504e+02
6.224366666670000541e+02
6.227452187500000491e+02
6.230537708330000441e+02
6.233726041664999684e+02
6.236914375000000064e+02
6.242745208329999969e+02
6.245874479164999684e+02
6.249003750000000537e+02
6.255302916670000286e+02
6.258330729169999813e+02
6.261358541670000477e+02
6.267294375000000173e+02
6.270516875000000709e+02
6.273739375000000109e+02
6.276994999999999436e+02
6.280250624999999900e+02
6.283570208334999734e+02
6.286889791669999568e+02
6.292906249999999773e+02
6.296143124999999827e+02
6.299379999999999882e+02
6.302603854164999575e+02
6.305827708330000405e+02
6.309024062500000127e+02
6.312220416669999850e+02
6.318237291670000104e+02
6.321351250000000164e+02
6.324465208330000223e+02
6.327799062500000673e+02
6.331132916669999986e+02
6.333885416670000268e+02
6.336637916670000550e+02
6.343232083330000250e+02
6.346431666665000648e+02
6.349631249999999909e+02
6.352684479165000084e+02
6.355737708330000260e+02
6.358757604165000430e+02
6.361777499999999463e+02
6.368059791670000322e+02
6.371648229170000377e+02
6.375236666670000432e+02
6.381918541669999740e+02
6.385197812500000509e+02
6.388477083330000141e+02
6.394143749999999500e+02
6.397137083334999943e+02
6.400130416670000386e+02
6.407455416669999977e+02
6.414498750000000200e+02
6.421649374999999509e+02
6.436475625000000491e+02
6.452030624999999873e+02
6.472255416670000159e+02
6.480192500000000564e+02
6.489067083329999832e+02
6.502079791669999622e+02
6.539526458330000196e+02
6.543592499999999745e+02
6.548293125000000146e+02
6.552656666670000050e+02
6.557430208329999459e+02
6.559732291665000048e+02
6.562034374999999500e+02
6.564133541664999711e+02
6.566232708329999923e+02
6.568274166664999711e+02
6.570315624999999500e+02
6.572504687499999818e+02
6.574693750000000136e+02
6.579419791669999995e+02
6.581747708335000198e+02
6.584075625000000400e+02
6.586439791665000030e+02
6.588803958329999659e+02
6.591186562499999582e+02
6.593569166669999504e+02
6.598428125000000364e+02
6.600658854165000093e+02
6.601774218747500527e+02
6.602889583329999823e+02
6.607594374999999900e+02
6.609858750000000782e+02
6.612123125000000528e+02
6.614610312500000191e+02
6.617097499999999854e+02
6.619515104165000139e+02
6.621932708330000423e+02
6.626801041669999677e+02
6.631357500000000300e+02
6.636599999999999682e+02
6.639214374999999109e+02
6.641828749999999673e+02
6.646855208330000551e+02
6.653261250000000473e+02
6.657283333330000232e+02
6.661688541669999495e+02
6.666340208330000223e+02
6.670864166669999804e+02
6.673066979170000650e+02
6.675269791670000359e+02
6.677363645835000625e+02
6.679457499999999754e+02
6.681793124999999236e+02
6.684128749999999854e+02
6.686500833334999925e+02
6.688872916669999995e+02
6.693656875000000355e+02
6.695842812500000036e+02
6.698028749999999718e+02
6.700424687500000118e+02
6.702820625000000518e+02
6.705329479165000066e+02
6.707838333329999614e+02
6.709967812499999127e+02
6.712097291669999777e+02
6.714573958334999588e+02
6.717050625000000537e+02
6.722682916669999713e+02
6.727580833329999450e+02
6.729998854164999784e+02
6.732416875000000118e+02
6.734525937500000055e+02
6.736634999999999991e+02
6.741594583329999750e+02
6.746368750000000318e+02
6.751090000000000373e+02
6.756776458330000423e+02
6.762026250000000118e+02
6.767743749999999636e+02
6.771731875000000400e+02
6.776061041670000122e+02
6.780717291669999440e+02
6.783048020834999079e+02
6.785378749999999854e+02
6.787794270834999679e+02
6.790209791669999504e+02
6.792503229169999486e+02
6.794796666669999468e+02
6.797256041670000286e+02
6.799715416669999968e+02
6.802013020834999679e+02
6.804310625000000528e+02
6.806758958335000216e+02
6.809207291669999904e+02
6.811579479170000013e+02
6.813951666670000122e+02
6.816331875000000764e+02
6.818712083330000269e+02
6.821631875000000491e+02
6.824551666669999577e+02
6.829511041670000395e+02
6.834134999999999991e+02
6.839220208330000332e+02
6.841643958330000714e+02
6.844067708329999959e+02
6.846453020829999332e+02
6.848838333329999841e+02
6.851321354164999775e+02
6.853804374999999709e+02
6.856149270834999925e+02
6.858494166670000141e+02
6.860668854169999804e+02
6.862843541669999468e+02
6.865435625000000073e+02
6.868027708329999541e+02
6.870215000000000600e+02
6.872402291670000523e+02
6.874839062500000182e+02
6.877275833329999841e+02
6.879516041664999193e+02
6.881756249999999682e+02
6.886600624999999809e+02
6.891151041670000268e+02
6.895772291670000413e+02
6.897848750000000564e+02
6.899925208329999577e+02
6.902322812499999145e+02
6.904720416669999850e+02
6.906940937499999791e+02
6.909161458329999732e+02
6.911380624999999327e+02
6.913599791670000059e+02
6.915797812499999964e+02
6.917995833329999869e+02
6.923607500000000528e+02
6.928582708330000060e+02
6.931178541665000239e+02
6.933774375000000418e+02
6.935960104165000075e+02
6.938145833329999732e+02
6.940664375000000064e+02
6.943182916670000395e+02
6.945790416669999559e+02
6.948397916669999859e+02
6.953773750000000291e+02
6.959059375000000500e+02
6.963692083329999605e+02
6.966282916664999902e+02
6.968873750000000200e+02
6.980420625000000427e+02
7.029017499999999927e+02
7.033677708330000087e+02
7.038346874999999727e+02
7.042855416669999613e+02
7.047959375000000364e+02
7.050287291664999429e+02
7.052615208329999632e+02
7.054686249999999745e+02
7.056757291669999859e+02
7.061578541669999822e+02
7.066287499999999682e+02
7.071283750000000055e+02
7.073959166664999429e+02
7.076634583329999941e+02
7.082257499999999482e+02
7.086599166669999477e+02
7.091533958329999905e+02
7.096811874999999645e+02
7.102177916670000286e+02
7.107497291670000550e+02
7.109926041670000814e+02
7.112354791669999940e+02
7.114834375000000364e+02
7.117313958329999650e+02
7.119730312499999627e+02
7.122146666669999604e+02
7.124727395835000152e+02
7.127308124999999563e+02
7.132094166670000277e+02
7.134877291669999977e+02
7.137660416669999677e+02
7.147418541670000423e+02
7.152400416670000141e+02
7.156876250000000255e+02
7.161713750000000118e+02
7.166958541669999931e+02
7.173233958329999496e+02
7.176580729165000321e+02
7.179927500000000009e+02
7.182586562500000582e+02
7.185245625000000018e+02
7.187879687500000045e+02
7.190513750000000073e+02
7.193443020834999970e+02
7.196372291669999868e+02
7.202495000000000118e+02
7.208745000000000118e+02
7.217661458329999959e+02
7.223125625000000127e+02
7.229459166670000059e+02
7.236141666669999495e+02
7.243670624999999745e+02
7.250363958330000287e+02
7.254419895830000087e+02
7.258475833329999887e+02
7.261808333330000096e+02
7.265140833330000305e+02
7.272628333330000032e+02
7.281420000000000528e+02
7.291386041670000395e+02
7.304923125000000255e+02
7.313987812499999563e+02
7.323052500000000009e+02
7.327479270834999170e+02
7.331906041669999468e+02
7.335343547926103156e+02
7.338844782514726148e+02
7.342347291669999549e+02
7.345363185911332948e+02
7.348434992170488158e+02
7.351507916670000213e+02
7.354238209409868432e+02
7.357019119367754456e+02
7.359801041670000359e+02
7.362835043211138100e+02
7.365925292463457481e+02
7.369016666669999722e+02
7.371770005064164479e+02
7.374574387922441474e+02
7.377379791670000486e+02
7.380462010754596349e+02
7.382060833335000325e+02
7.383601371461079452e+02
7.386741875000000164e+02
7.390067102278566153e+02
7.393453976336489859e+02
7.396842083330000150e+02
7.399890214053143609e+02
7.401471354165000776e+02
7.402994854430033911e+02
7.406100625000000264e+02
7.409246631163453003e+02
7.412450961504946463e+02
7.415656458329999623e+02
7.418861107456340278e+02
7.422125167949501474e+02
7.425390416669999922e+02
7.428553844251787268e+02
7.431775918989335423e+02
7.434999166669999795e+02
7.438318083827839473e+02
7.441698530780967076e+02
7.445080208330000460e+02
7.448075663271893063e+02
7.451126651305033874e+02
7.454178749999999809e+02
7.457212820128297608e+02
7.460303139239321126e+02
7.463394583330000387e+02
7.466296621066082935e+02
7.469252460020854869e+02
7.472209374999999909e+02
7.475249686661863961e+02
7.478346363018979446e+02
7.481444166669999731e+02
7.484452173259602432e+02
7.487515945636923789e+02
7.490580833330000132e+02
7.493244321109905286e+02
7.495957187602822387e+02
7.498671041669999795e+02
7.501260454129229629e+02
7.503897872010395531e+02
7.506536250000000337e+02
7.509103508454467146e+02
7.511718361615170352e+02
7.514334166669999604e+02
7.516887295942460696e+02
7.519487757978594118e+02
7.522089166670000395e+02
7.524908555555498424e+02
7.527780213422929592e+02
7.530652916669999968e+02
7.534416217144977281e+02
7.538249285889789917e+02
7.542083750000000464e+02
7.545251567229126977e+02
7.548478112994204139e+02
7.551705833329999678e+02
7.554523233158244011e+02
7.557392865093056571e+02
7.560263541670000222e+02
7.563358861112749310e+02
7.566511565046464511e+02
7.569665416670000013e+02
7.572561144285356249e+02
7.575510556135332081e+02
7.578461041670000213e+02
7.581106284969197304e+02
7.583800568744834436e+02
7.586495833330000096e+02
7.589016108829631548e+02
7.591583108012978300e+02
7.594151041669999813e+02
7.596746352720415416e+02
7.599389778547441665e+02
7.602034166670000559e+02
7.604922006633626097e+02
7.607863384601768075e+02
7.610805833330000496e+02
7.613729956483687147e+02
7.616708290300215367e+02
7.619687708330000078e+02
7.622444133195722316e+02
7.625251659746015775e+02
7.628060208330000478e+02
7.630850241443766890e+02
7.633691999309365883e+02
7.636534791670000004e+02
7.639207813213215559e+02
7.641930390217002014e+02
7.644653958330000023e+02
7.647342343647136431e+02
7.648736874999999600e+02
7.650080569255654837e+02
7.652819791670000313e+02
7.655651800793658595e+02
7.658536312867329343e+02
7.661421874999999773e+02
7.664580501404906272e+02
7.667797685955990801e+02
7.671016041670000050e+02
7.674237700681841261e+02
7.677519086408768771e+02
7.680801666669999577e+02
7.683688820752154243e+02
7.685186458334999315e+02
7.686629500123189018e+02
7.689571250000000191e+02
7.692150099868774760e+02
7.694776759338378724e+02
7.697404374999999845e+02
7.699894608839845205e+02
7.702431009417543919e+02
7.704968333330000405e+02
7.707623796283854745e+02
7.710328489177529718e+02
7.713034166669999649e+02
7.715842307080279170e+02
7.717298958334999952e+02
7.718702507935688573e+02
7.721563750000000255e+02
7.724115644683838582e+02
7.726714849243164736e+02
7.729315000000000282e+02
7.732172112425661226e+02
7.735082193194399451e+02
7.737993333330000496e+02
7.742593273365154118e+02
7.747278492229287394e+02
7.751965416670000195e+02
7.754711827649127827e+02
7.757509154664204516e+02
7.760307500000000118e+02
7.763090125578736433e+02
7.765924338580141466e+02
7.768759583329999714e+02
7.771478216068401252e+02
7.774247249858682380e+02
7.777017291670000532e+02
7.780195191372882846e+02
7.783432006531879779e+02
7.786670000000000300e+02
7.789494738769531068e+02
7.792371845703124791e+02
7.795249999999999773e+02
7.797700178300048037e+02
7.800195780743589467e+02
7.802692291670000486e+02
7.806216287716875968e+02
7.809805615540668668e+02
7.813396249999999554e+02
7.816925870286131612e+02
7.820520926617612076e+02
7.824117291669999759e+02
7.827165285215531867e+02
7.830269785871660133e+02
7.833375416669999822e+02
7.836336303127155816e+02
7.839352081806357546e+02
7.842368958329999487e+02
7.845149046144330214e+02
7.847980674333417710e+02
7.850813333329999750e+02
7.853774562732829736e+02
7.856790690715614573e+02
7.859807916669999486e+02
7.862399798306475986e+02
7.865039731141255288e+02
7.867680625000000418e+02
7.870381699142456000e+02
7.873132848815918123e+02
7.875884999999999536e+02
7.878655073927735657e+02
7.881476502581606383e+02
7.884298958330000460e+02
7.887165673112715467e+02
7.890085534257734707e+02
7.893006458329999759e+02
7.895709247181071078e+02
7.898462143352334124e+02
7.901216041669999868e+02
7.903863479794513296e+02
7.906559999085591244e+02
7.909257499999999936e+02
7.912214339752197247e+02
7.915225996704101590e+02
7.918238750000000437e+02
7.920861976472044717e+02
7.923533835247983461e+02
7.926206666670000232e+02
7.928997934369098175e+02
7.930445833334999861e+02
7.931840949708149537e+02
7.934684999999999491e+02
7.937112406997680409e+02
7.939584815979003452e+02
7.942058124999999791e+02
7.945095350190306362e+02
7.948188882855405382e+02
7.951283541669999977e+02
7.954227624006425685e+02
7.957226287031328411e+02
7.960226041670000541e+02
7.962944811582719922e+02
7.965713985090410461e+02
7.968484166670000377e+02
7.971441760890827481e+02
7.974454186298545437e+02
7.977467708330000278e+02
7.980254106265057317e+02
7.983092161558940916e+02
7.985931249999999864e+02
7.988470387268066588e+02
7.991056597900389988e+02
7.993643749999999955e+02
7.996167660675048410e+02
7.998738362426757931e+02
8.001309999999999718e+02
8.003992623900269336e+02
8.006724981280336806e+02
8.009458333329999959e+02
8.012141025820722007e+02
8.014873453062846238e+02
8.017606875000000173e+02
8.020379761047363445e+02
8.023204053955078052e+02
8.026029375000000528e+02
8.028903291549682990e+02
8.031830487976073982e+02
8.034758749999999736e+02
8.037552624053954560e+02
8.040398294067382494e+02
8.043244999999999436e+02
8.046052454528808084e+02
8.048911956787109148e+02
8.051772499999999582e+02
8.054777214356565764e+02
8.057837633465757108e+02
8.060899166670000113e+02
8.063888037135944842e+02
8.065438437499999509e+02
8.066932318622763205e+02
8.069977708330000041e+02
8.072976867037763213e+02
8.076031627501323555e+02
8.079087500000000546e+02
8.081740219421387792e+02
8.084442117919921884e+02
8.087145000000000437e+02
8.090133458939695856e+02
8.093177321270932225e+02
8.095000000000000000e+02
8.095000000000000000e+02
8.095000000000000000e+02
8.095000000000000000e+02
8.095000000000000000e+02
8.095000000000000000e+02
8.095000000000000000e+02
8.095000000000000000e+02
8.095000000000000000e+02
8.095000000000000000e+02
8.095000000000000000e+02
8.095000000000000000e+02
8.095000000000000000e+02
8.095000000000000000e+02
8.095000000000000000e+02
8.095000000000000000e+02
8.095000000000000000e+02
8.095000000000000000e+02
8.095000000000000000e+02
8.095000000000000000e+02
8.095000000000000000e+02
8.095000000000000000e+02
8.095000000000000000e+02
8.095000000000000000e+02
8.095000000000000000e+02
8.095000000000000000e+02
8.095000000000000000e+02
8.095000000000000000e+02
8.095000000000000000e+02
8.095000000000000000e+02
8.095000000000000000e+02
8.095000000000000000e+02
8.095000000000000000e+02
8.095000000000000000e+02
8.095000000000000000e+02
8.095000000000000000e+02
8.095000000000000000e+02
8.095000000000000000e+02
8.095000000000000000e+02
8.095000000000000000e+02
8.095000000000000000e+02
8.095000000000000000e+02
8.095000000000000000e+02
8.095000000000000000e+02
8.095000000000000000e+02
8.095000000000000000e+02
8.095000000000000000e+02
8.095000000000000000e+02
8.095000000000000000e+02
8.095000000000000000e+02
8.095000000000000000e+02
8.095000000000000000e+02
8.095000000000000000e+02
8.095000000000000000e+02
8.095000000000000000e+02
8.095000000000000000e+02
8.095000000000000000e+02
8.095000000000000000e+02
8.095000000000000000e+02
8.095000000000000000e+02
8.095000000000000000e+02
8.095000000000000000e+02
8.095000000000000000e+02
8.095000000000000000e+02
8.095000000000000000e+02
8.095000000000000000e+02
8.095000000000000000e+02
8.095000000000000000e+02
8.095000000000000000e+02
8.095000000000000000e+02
8.095000000000000000e+02
8.095000000000000000e+02
8.095000000000000000e+02
8.095000000000000000e+02
8.095000000000000000e+02
8.095000000000000000e+02
8.095000000000000000e+02
8.095000000000000000e+02
8.095000000000000000e+02
8.095000000000000000e+02
8.095000000000000000e+02
8.095000000000000000e+02
8.095000000000000000e+02
8.095000000000000000e+02
8.095000000000000000e+02
8.095000000000000000e+02
8.095000000000000000e+02
8.095000000000000000e+02
8.095000000000000000e+02
8.095000000000000000e+02
8.095000000000000000e+02
8.095000000000000000e+02
8.095000000000000000e+02
8.095000000000000000e+02
8.095000000000000000e+02
8.095000000000000000e+02
8.095000000000000000e+02
8.095000000000000000e+02
8.095000000000000000e+02
8.095000000000000000e+02
8.095000000000000000e+02
8.095000000000000000e+02
8.095000000000000000e+02
8.095000000000000000e+02
8.095000000000000000e+02
8.095000000000000000e+02
8.095000000000000000e+02
8.095000000000000000e+02
8.095000000000000000e+02
8.095000000000000000e+02
8.095000000000000000e+02
8.095000000000000000e+02
8.095000000000000000e+02
8.095000000000000000e+02
8.095000000000000000e+02
8.095000000000000000e+02
8.095000000000000000e+02
8.095000000000000000e+02
8.095000000000000000e+02
8.095000000000000000e+02
8.095000000000000000e+02
8.095000000000000000e+02
8.095000000000000000e+02
8.095000000000000000e+02
8.095000000000000000e+02
8.095000000000000000e+02
8.095000000000000000e+02
8.095000000000000000e+02
8.095000000000000000e+02
8.095000000000000000e+02
8.095000000000000000e+02
8.095000000000000000e+02
8.095000000000000000e+02
8.095000000000000000e+02
8.095000000000000000e+02
8.095000000000000000e+02
8.095000000000000000e+02
8.095000000000000000e+02
8.095000000000000000e+02
8.095000000000000000e+02
8.095000000000000000e+02
8.095000000000000000e+02
8.095000000000000000e+02
8.095000000000000000e+02
8.095000000000000000e+02
8.095000000000000000e+02
8.095000000000000000e+02
8.095000000000000000e+02
8.095000000000000000e+02
8.095000000000000000e+02
8.095000000000000000e+02
8.095000000000000000e+02
8.095000000000000000e+02
8.095000000000000000e+02
8.095000000000000000e+02
8.095000000000000000e+02
8.095000000000000000e+02
8.095000000000000000e+02
8.095000000000000000e+02
8.095000000000000000e+02
8.095000000000000000e+02
8.095000000000000000e+02
8.095000000000000000e+02
8.095000000000000000e+02
8.095000000000000000e+02
8.095000000000000000e+02
8.095000000000000000e+02
8.095000000000000000e+02
8.095000000000000000e+02
8.095000000000000000e+02
8.095000000000000000e+02
8.095000000000000000e+02
8.095000000000000000e+02
8.095000000000000000e+02
8.095000000000000000e+02
8.095000000000000000e+02
8.095000000000000000e+02
8.095000000000000000e+02
8.095000000000000000e+02
8.095000000000000000e+02
8.095000000000000000e+02
8.095000000000000000e+02
8.095000000000000000e+02
8.095000000000000000e+02
8.095000000000000000e+02
8.095000000000000000e+02
8.095000000000000000e+02
8.095000000000000000e+02
8.095000000000000000e+02
8.095000000000000000e+02
8.095000000000000000e+02
8.095000000000000000e+02
8.095000000000000000e+02
8.095000000000000000e+02
8.095000000000000000e+02
8.095000000000000000e+02
8.095000000000000000e+02
8.095000000000000000e+02
8.095000000000000000e+02
8.095000000000000000e+02
8.095000000000000000e+02
8.095000000000000000e+02
8.095000000000000000e+02
8.095000000000000000e+02
8.095000000000000000e+02
8.095000000000000000e+02
8.095000000000000000e+02
8.095000000000000000e+02
8.095000000000000000e+02
8.095000000000000000e+02
8.095000000000000000e+02
8.095000000000000000e+02
8.095000000000000000e+02
8.095000000000000000e+02
8.095000000000000000e+02
8.095000000000000000e+02
8.095000000000000000e+02
8.095000000000000000e+02
8.095000000000000000e+02
8.095000000000000000e+02
8.095000000000000000e+02
8.095000000000000000e+02
8.095000000000000000e+02
8.095000000000000000e+02
8.095000000000000000e+02
8.095000000000000000e+02
8.095000000000000000e+02
8.095000000000000000e+02
8.095000000000000000e+02
8.095000000000000000e+02
8.095000000000000000e+02
8.095000000000000000e+02
8.095000000000000000e+02
8.095000000000000000e+02
8.095000000000000000e+02
8.095000000000000000e+02
8.095000000000000000e+02
8.095000000000000000e+02
8.095000000000000000e+02
8.095000000000000000e+02
8.095000000000000000e+02
8.095000000000000000e+02
8.095000000000000000e+02
8.095000000000000000e+02
8.095000000000000000e+02
8.095000000000000000e+02
8.095000000000000000e+02
8.095000000000000000e+02
8.095000000000000000e+02
8.095000000000000000e+02
8.095000000000000000e+02
8.095000000000000000e+02
8.095000000000000000e+02
8.095000000000000000e+02
8.095000000000000000e+02
8.095000000000000000e+02
8.095000000000000000e+02
8.095000000000000000e+02
8.095000000000000000e+02
8.095000000000000000e+02
8.095000000000000000e+02
8.095000000000000000e+02
8.095000000000000000e+02
8.095000000000000000e+02
8.095000000000000000e+02
8.095000000000000000e+02
8.095000000000000000e+02
8.095000000000000000e+02
8.095000000000000000e+02
8.095000000000000000e+02
8.095000000000000000e+02
8.095000000000000000e+02
8.095000000000000000e+02
8.095000000000000000e+02
8.095000000000000000e+02
8.095000000000000000e+02
8.095000000000000000e+02
8.095000000000000000e+02
8.095000000000000000e+02
8.095000000000000000e+02
8.095000000000000000e+02
8.095000000000000000e+02
8.095000000000000000e+02
8.095000000000000000e+02
8.095000000000000000e+02
8.095000000000000000e+02
8.095000000000000000e+02
8.095000000000000000e+02
8.095000000000000000e+02
8.095000000000000000e+02
8.095000000000000000e+02
8.095000000000000000e+02
8.095000000000000000e+02
8.095000000000000000e+02
8.095000000000000000e+02
8.095000000000000000e+02
8.095000000000000000e+02
8.095000000000000000e+02
8.095000000000000000e+02
8.095000000000000000e+02
8.095000000000000000e+02
8.095000000000000000e+02
8.095000000000000000e+02
8.095000000000000000e+02
8.095000000000000000e+02
8.095000000000000000e+02
8.095000000000000000e+02
8.095000000000000000e+02
8.095000000000000000e+02
8.095000000000000000e+02
8.095000000000000000e+02
8.095000000000000000e+02
8.095000000000000000e+02
8.095000000000000000e+02
8.095000000000000000e+02
8.095000000000000000e+02
8.095000000000000000e+02
8.095000000000000000e+02
8.095000000000000000e+02
8.095000000000000000e+02
8.095000000000000000e+02
8.095000000000000000e+02
8.095000000000000000e+02
8.095000000000000000e+02
8.095000000000000000e+02
8.095000000000000000e+02
8.095000000000000000e+02
8.095000000000000000e+02
8.095000000000000000e+02
8.095000000000000000e+02
8.095000000000000000e+02
8.095000000000000000e+02
8.095000000000000000e+02
8.095000000000000000e+02
8.095000000000000000e+02
8.095000000000000000e+02
8.095000000000000000e+02
8.095000000000000000e+02
8.095000000000000000e+02
8.095000000000000000e+02
8.095000000000000000e+02
8.095000000000000000e+02
8.095000000000000000e+02
8.095000000000000000e+02
8.095000000000000000e+02
8.095000000000000000e+02
8.095000000000000000e+02
8.095000000000000000e+02
8.095000000000000000e+02
8.095000000000000000e+02
8.095000000000000000e+02
8.095000000000000000e+02
8.095000000000000000e+02
8.095000000000000000e+02
8.095000000000000000e+02
8.095000000000000000e+02
8.095000000000000000e+02
8.095000000000000000e+02
8.095000000000000000e+02
8.095000000000000000e+02
8.095000000000000000e+02
8.095000000000000000e+02
8.095000000000000000e+02
8.095000000000000000e+02
8.095000000000000000e+02
8.095000000000000000e+02
8.095000000000000000e+02
8.095000000000000000e+02
8.095000000000000000e+02
8.095000000000000000e+02
8.095000000000000000e+02
8.095000000000000000e+02
8.095000000000000000e+02
8.095000000000000000e+02
8.095000000000000000e+02
8.095000000000000000e+02
8.095000000000000000e+02
8.095000000000000000e+02
8.095000000000000000e+02
8.095000000000000000e+02
8.095000000000000000e+02
8.095000000000000000e+02
8.095000000000000000e+02
8.095000000000000000e+02
8.095000000000000000e+02
8.095000000000000000e+02
8.095000000000000000e+02
8.095000000000000000e+02
8.095000000000000000e+02
8.095000000000000000e+02
8.095000000000000000e+02
8.095000000000000000e+02
8.095000000000000000e+02
8.095000000000000000e+02
8.095000000000000000e+02
8.095000000000000000e+02
8.095000000000000000e+02
8.095000000000000000e+02
8.095000000000000000e+02
8.095000000000000000e+02
8.095000000000000000e+02
8.095000000000000000e+02
8.095000000000000000e+02
8.095000000000000000e+02
8.095000000000000000e+02
8.095000000000000000e+02
8.095000000000000000e+02
8.095000000000000000e+02
8.095000000000000000e+02
8.095000000000000000e+02
8.095000000000000000e+02
8.095000000000000000e+02
8.095000000000000000e+02
8.095000000000000000e+02
8.095000000000000000e+02
8.095000000000000000e+02
8.095000000000000000e+02
8.095000000000000000e+02
8.095000000000000000e+02
8.095000000000000000e+02
8.095000000000000000e+02
8.095000000000000000e+02
8.095000000000000000e+02
8.095000000000000000e+02
8.095000000000000000e+02
8.095000000000000000e+02
8.095000000000000000e+02
8.095000000000000000e+02
8.095000000000000000e+02
8.095000000000000000e+02
8.095000000000000000e+02
8.095000000000000000e+02
8.095000000000000000e+02
8.095000000000000000e+02
8.095000000000000000e+02
8.095000000000000000e+02
8.095000000000000000e+02
8.095000000000000000e+02
8.095000000000000000e+02
8.095000000000000000e+02
8.095000000000000000e+02
8.095000000000000000e+02
8.095000000000000000e+02
8.095000000000000000e+02
8.095000000000000000e+02
8.095000000000000000e+02
8.095000000000000000e+02
8.095000000000000000e+02
8.095000000000000000e+02
8.095000000000000000e+02
8.095000000000000000e+02
8.095000000000000000e+02
8.095000000000000000e+02
8.095000000000000000e+02
8.095000000000000000e+02
8.095000000000000000e+02
8.095000000000000000e+02
8.095000000000000000e+02
8.095000000000000000e+02
8.095000000000000000e+02
8.095000000000000000e+02
8.095000000000000000e+02
8.095000000000000000e+02
8.095000000000000000e+02
8.095000000000000000e+02
8.095000000000000000e+02
8.095000000000000000e+02
8.095000000000000000e+02
8.095000000000000000e+02
8.095000000000000000e+02
8.095000000000000000e+02
8.095000000000000000e+02
8.095000000000000000e+02
8.095000000000000000e+02
8.095000000000000000e+02
8.095000000000000000e+02
8.095000000000000000e+02
8.095000000000000000e+02
8.095000000000000000e+02
8.095000000000000000e+02
8.095000000000000000e+02
8.095000000000000000e+02
8.095000000000000000e+02
8.095000000000000000e+02
8.095000000000000000e+02
8.095000000000000000e+02
8.095000000000000000e+02
8.095000000000000000e+02
8.095000000000000000e+02
8.095000000000000000e+02
8.095000000000000000e+02
8.095000000000000000e+02
8.095000000000000000e+02
8.095000000000000000e+02
8.095000000000000000e+02
8.095000000000000000e+02
8.095000000000000000e+02
8.095000000000000000e+02
8.095000000000000000e+02
8.095000000000000000e+02
8.095000000000000000e+02
8.095000000000000000e+02
8.095000000000000000e+02
8.095000000000000000e+02
8.095000000000000000e+02
8.095000000000000000e+02
8.095000000000000000e+02
8.095000000000000000e+02
8.095000000000000000e+02
8.095000000000000000e+02
8.095000000000000000e+02
8.095000000000000000e+02
8.095000000000000000e+02
8.095000000000000000e+02
8.095000000000000000e+02
8.095000000000000000e+02
8.095000000000000000e+02
8.095000000000000000e+02
8.095000000000000000e+02
8.095000000000000000e+02
8.095000000000000000e+02
8.095000000000000000e+02
8.095000000000000000e+02
8.095000000000000000e+02
8.095000000000000000e+02
8.095000000000000000e+02
8.095000000000000000e+02
8.095000000000000000e+02
8.095000000000000000e+02
8.095000000000000000e+02
8.095000000000000000e+02
8.095000000000000000e+02
8.095000000000000000e+02
8.095000000000000000e+02
8.095000000000000000e+02
8.095000000000000000e+02
8.095000000000000000e+02
8.095000000000000000e+02
8.095000000000000000e+02
8.095000000000000000e+02
8.095000000000000000e+02
8.095000000000000000e+02
8.095000000000000000e+02
8.095000000000000000e+02
8.095000000000000000e+02
8.095000000000000000e+02
8.095000000000000000e+02
8.095000000000000000e+02
8.095000000000000000e+02
8.095000000000000000e+02
8.095000000000000000e+02
8.095000000000000000e+02
8.095000000000000000e+02
8.095000000000000000e+02
8.095000000000000000e+02
8.095000000000000000e+02
8.095000000000000000e+02
8.095000000000000000e+02
8.095000000000000000e+02
8.095000000000000000e+02
8.095000000000000000e+02
8.095000000000000000e+02
8.095000000000000000e+02
8.095000000000000000e+02
8.095000000000000000e+02
8.095000000000000000e+02
8.095000000000000000e+02
8.095000000000000000e+02
8.095000000000000000e+02
8.095000000000000000e+02
8.095000000000000000e+02
8.095000000000000000e+02
8.095000000000000000e+02
8.095000000000000000e+02
8.095000000000000000e+02
8.095000000000000000e+02
8.095000000000000000e+02
8.095000000000000000e+02
8.095000000000000000e+02
8.095000000000000000e+02
8.095000000000000000e+02
8.095000000000000000e+02
8.095000000000000000e+02
8.095000000000000000e+02
8.095000000000000000e+02
8.095000000000000000e+02
8.095000000000000000e+02
8.095000000000000000e+02
8.095000000000000000e+02
8.095000000000000000e+02
8.095000000000000000e+02
8.095000000000000000e+02
8.095000000000000000e+02
8.095000000000000000e+02
8.095000000000000000e+02
8.095000000000000000e+02
8.095000000000000000e+02
8.095000000000000000e+02
8.095000000000000000e+02
8.095000000000000000e+02
8.095000000000000000e+02
8.095000000000000000e+02
8.095000000000000000e+02
8.095000000000000000e+02
8.095000000000000000e+02
8.095000000000000000e+02
8.095000000000000000e+02
8.095000000000000000e+02
8.095000000000000000e+02
8.095000000000000000e+02
8.095000000000000000e+02
8.095000000000000000e+02
8.095000000000000000e+02
8.095000000000000000e+02
8.095000000000000000e+02
8.095000000000000000e+02
8.095000000000000000e+02
8.095000000000000000e+02
8.095000000000000000e+02
8.095000000000000000e+02
8.095000000000000000e+02
8.095000000000000000e+02
8.095000000000000000e+02
8.095000000000000000e+02
8.095000000000000000e+02
8.095000000000000000e+02
8.095000000000000000e+02
8.095000000000000000e+02
8.095000000000000000e+02
8.095000000000000000e+02
8.095000000000000000e+02
8.095000000000000000e+02
8.095000000000000000e+02
8.095000000000000000e+02
8.095000000000000000e+02
8.095000000000000000e+02
8.095000000000000000e+02
8.095000000000000000e+02
8.095000000000000000e+02
8.095000000000000000e+02
8.095000000000000000e+02
8.095000000000000000e+02
8.095000000000000000e+02
8.095000000000000000e+02
8.095000000000000000e+02
8.095000000000000000e+02
8.095000000000000000e+02
8.095000000000000000e+02
8.095000000000000000e+02
8.095000000000000000e+02
8.095000000000000000e+02
8.095000000000000000e+02
8.095000000000000000e+02
8.095000000000000000e+02
8.095000000000000000e+02
8.095000000000000000e+02
8.095000000000000000e+02
8.095000000000000000e+02
8.095000000000000000e+02
8.095000000000000000e+02
8.095000000000000000e+02
8.095000000000000000e+02
8.095000000000000000e+02
8.095000000000000000e+02
8.095000000000000000e+02
8.095000000000000000e+02
8.095000000000000000e+02
8.095000000000000000e+02
8.095000000000000000e+02
8.095000000000000000e+02
8.095000000000000000e+02
8.095000000000000000e+02
8.095000000000000000e+02
8.095000000000000000e+02
8.095000000000000000e+02
8.095000000000000000e+02
8.095000000000000000e+02
8.095000000000000000e+02
8.095000000000000000e+02
8.095000000000000000e+02
8.095000000000000000e+02
8.095000000000000000e+02
8.095000000000000000e+02
8.095000000000000000e+02
8.095000000000000000e+02
8.095000000000000000e+02
8.095000000000000000e+02
8.095000000000000000e+02
8.095000000000000000e+02
8.095000000000000000e+02
8.095000000000000000e+02
8.095000000000000000e+02
8.095000000000000000e+02
8.095000000000000000e+02
8.095000000000000000e+02
8.095000000000000000e+02
8.095000000000000000e+02
8.095000000000000000e+02
8.095000000000000000e+02
8.095000000000000000e+02
8.095000000000000000e+02
8.095000000000000000e+02
8.095000000000000000e+02
8.095000000000000000e+02
8.095000000000000000e+02
8.095000000000000000e+02
8.095000000000000000e+02
8.095000000000000000e+02
8.095000000000000000e+02
8.095000000000000000e+02
8.095000000000000000e+02
8.095000000000000000e+02
8.095000000000000000e+02
8.095000000000000000e+02
8.095000000000000000e+02
8.095000000000000000e+02
8.095000000000000000e+02
8.095000000000000000e+02
8.095000000000000000e+02
8.095000000000000000e+02
8.095000000000000000e+02
8.095000000000000000e+02
8.095000000000000000e+02
8.095000000000000000e+02
8.095000000000000000e+02
8.095000000000000000e+02
8.095000000000000000e+02
8.095000000000000000e+02
8.095000000000000000e+02
8.095000000000000000e+02
8.095000000000000000e+02
8.095000000000000000e+02
8.095000000000000000e+02
8.095000000000000000e+02
8.095000000000000000e+02
8.095000000000000000e+02
8.095000000000000000e+02
8.095000000000000000e+02
8.095000000000000000e+02
8.095000000000000000e+02
8.095000000000000000e+02
8.095000000000000000e+02
8.095000000000000000e+02
8.095000000000000000e+02
8.095000000000000000e+02
8.095000000000000000e+02
8.095000000000000000e+02
8.095000000000000000e+02
8.095000000000000000e+02
8.095000000000000000e+02
8.095000000000000000e+02
8.095000000000000000e+02
8.095000000000000000e+02
8.095000000000000000e+02
8.095000000000000000e+02
8.095000000000000000e+02
8.095000000000000000e+02
8.095000000000000000e+02
8.095000000000000000e+02
8.095000000000000000e+02
8.095000000000000000e+02
8.095000000000000000e+02
8.095000000000000000e+02
8.095000000000000000e+02
8.095000000000000000e+02
8.095000000000000000e+02
8.095000000000000000e+02
8.095000000000000000e+02
8.095000000000000000e+02
8.095000000000000000e+02
8.095000000000000000e+02
8.095000000000000000e+02
8.095000000000000000e+02
8.095000000000000000e+02
8.095000000000000000e+02
8.095000000000000000e+02
8.095000000000000000e+02
8.095000000000000000e+02
8.095000000000000000e+02
8.095000000000000000e+02
8.095000000000000000e+02
8.095000000000000000e+02
8.095000000000000000e+02
8.095000000000000000e+02
8.095000000000000000e+02
8.095000000000000000e+02
8.095000000000000000e+02
8.095000000000000000e+02
8.095000000000000000e+02
8.095000000000000000e+02
8.095000000000000000e+02
8.095000000000000000e+02
8.095000000000000000e+02
8.095000000000000000e+02
8.095000000000000000e+02
8.095000000000000000e+02
8.095000000000000000e+02
8.095000000000000000e+02
8.095000000000000000e+02
8.095000000000000000e+02
8.095000000000000000e+02
8.095000000000000000e+02
8.095000000000000000e+02
8.095000000000000000e+02
8.095000000000000000e+02
8.095000000000000000e+02
8.095000000000000000e+02
8.095000000000000000e+02
8.095000000000000000e+02
8.095000000000000000e+02
8.095000000000000000e+02
8.095000000000000000e+02
8.095000000000000000e+02
8.095000000000000000e+02
8.095000000000000000e+02
8.095000000000000000e+02
8.095000000000000000e+02
8.095000000000000000e+02
8.095000000000000000e+02
8.095000000000000000e+02
8.095000000000000000e+02
8.095000000000000000e+02
8.095000000000000000e+02
8.095000000000000000e+02
8.095000000000000000e+02
8.095000000000000000e+02
8.095000000000000000e+02
8.095000000000000000e+02
8.095000000000000000e+02
8.095000000000000000e+02
8.095000000000000000e+02
8.095000000000000000e+02
8.095000000000000000e+02
8.095000000000000000e+02
8.095000000000000000e+02
8.095000000000000000e+02
8.095000000000000000e+02
8.095000000000000000e+02
8.095000000000000000e+02
8.095000000000000000e+02
8.095000000000000000e+02
8.095000000000000000e+02
8.095000000000000000e+02
8.095000000000000000e+02
8.095000000000000000e+02
8.095000000000000000e+02
8.095000000000000000e+02
8.095000000000000000e+02
8.095000000000000000e+02
8.095000000000000000e+02
8.095000000000000000e+02
8.095000000000000000e+02
8.095000000000000000e+02
8.095000000000000000e+02
8.095000000000000000e+02
8.095000000000000000e+02
8.095000000000000000e+02
8.095000000000000000e+02
8.095000000000000000e+02
8.095000000000000000e+02
8.095000000000000000e+02
8.095000000000000000e+02
8.095000000000000000e+02
8.095000000000000000e+02
8.095000000000000000e+02
8.095000000000000000e+02
8.095000000000000000e+02
8.095000000000000000e+02
8.095000000000000000e+02
8.095000000000000000e+02
8.095000000000000000e+02
8.095000000000000000e+02
8.095000000000000000e+02
8.095000000000000000e+02
8.095000000000000000e+02
8.095000000000000000e+02
8.095000000000000000e+02
8.095000000000000000e+02
8.095000000000000000e+02
8.095000000000000000e+02
8.095000000000000000e+02
8.095000000000000000e+02
8.095000000000000000e+02
8.095000000000000000e+02
8.095000000000000000e+02
8.095000000000000000e+02
8.095000000000000000e+02
8.095000000000000000e+02
8.095000000000000000e+02
8.095000000000000000e+02
8.095000000000000000e+02
8.095000000000000000e+02
8.095000000000000000e+02
8.095000000000000000e+02
8.095000000000000000e+02
8.095000000000000000e+02
8.095000000000000000e+02
8.095000000000000000e+02
8.095000000000000000e+02
8.095000000000000000e+02
8.095000000000000000e+02
8.095000000000000000e+02
8.095000000000000000e+02
8.095000000000000000e+02
8.095000000000000000e+02
8.095000000000000000e+02
8.095000000000000000e+02
8.095000000000000000e+02
8.095000000000000000e+02
8.095000000000000000e+02
8.095000000000000000e+02
8.095000000000000000e+02
8.095000000000000000e+02
8.095000000000000000e+02
8.095000000000000000e+02
8.095000000000000000e+02
8.095000000000000000e+02
8.095000000000000000e+02
8.095000000000000000e+02
8.095000000000000000e+02
8.095000000000000000e+02
8.095000000000000000e+02
8.095000000000000000e+02
8.095000000000000000e+02
8.095000000000000000e+02
8.095000000000000000e+02
8.095000000000000000e+02
8.095000000000000000e+02
8.095000000000000000e+02
8.095000000000000000e+02
8.095000000000000000e+02
8.095000000000000000e+02
8.095000000000000000e+02
8.095000000000000000e+02
8.095000000000000000e+02
8.095000000000000000e+02
8.095000000000000000e+02
8.095000000000000000e+02
8.095000000000000000e+02
8.095000000000000000e+02
8.095000000000000000e+02
8.095000000000000000e+02
8.095000000000000000e+02
8.095000000000000000e+02
8.095000000000000000e+02
8.095000000000000000e+02
8.095000000000000000e+02
8.095000000000000000e+02
8.095000000000000000e+02
8.095000000000000000e+02
8.095000000000000000e+02
8.095000000000000000e+02
8.095000000000000000e+02
8.095000000000000000e+02
8.095000000000000000e+02
8.095000000000000000e+02
8.095000000000000000e+02
8.095000000000000000e+02
8.095000000000000000e+02
8.095000000000000000e+02
8.095000000000000000e+02
8.095000000000000000e+02
8.095000000000000000e+02
8.095000000000000000e+02
8.095000000000000000e+02
8.095000000000000000e+02
8.095000000000000000e+02
8.095000000000000000e+02
8.095000000000000000e+02
8.095000000000000000e+02
8.095000000000000000e+02
8.095000000000000000e+02
8.095000000000000000e+02
8.095000000000000000e+02
8.095000000000000000e+02
8.095000000000000000e+02
8.095000000000000000e+02
8.095000000000000000e+02
8.095000000000000000e+02
8.095000000000000000e+02
8.095000000000000000e+02
8.095000000000000000e+02
8.095000000000000000e+02
8.095000000000000000e+02
8.095000000000000000e+02
8.095000000000000000e+02
8.095000000000000000e+02
8.095000000000000000e+02
8.095000000000000000e+02
8.095000000000000000e+02
8.095000000000000000e+02
8.095000000000000000e+02
8.095000000000000000e+02
8.095000000000000000e+02
8.095000000000000000e+02
8.095000000000000000e+02
8.095000000000000000e+02
8.095000000000000000e+02
8.095000000000000000e+02
8.095000000000000000e+02
8.095000000000000000e+02
8.095000000000000000e+02
8.095000000000000000e+02
8.095000000000000000e+02
8.095000000000000000e+02
8.095000000000000000e+02
8.095000000000000000e+02
8.095000000000000000e+02
8.095000000000000000e+02
8.095000000000000000e+02
8.095000000000000000e+02
8.095000000000000000e+02
8.095000000000000000e+02
8.095000000000000000e+02
8.095000000000000000e+02
8.095000000000000000e+02
8.095000000000000000e+02
8.095000000000000000e+02
8.095000000000000000e+02
8.095000000000000000e+02
8.095000000000000000e+02
8.095000000000000000e+02
8.095000000000000000e+02
8.095000000000000000e+02
8.095000000000000000e+02
8.095000000000000000e+02
8.095000000000000000e+02
8.095000000000000000e+02
8.095000000000000000e+02
8.095000000000000000e+02
8.095000000000000000e+02
8.095000000000000000e+02
8.095000000000000000e+02
8.095000000000000000e+02
8.095000000000000000e+02
8.095000000000000000e+02
8.095000000000000000e+02
8.095000000000000000e+02
8.095000000000000000e+02
8.095000000000000000e+02
8.095000000000000000e+02
8.095000000000000000e+02
8.095000000000000000e+02
8.095000000000000000e+02
8.095000000000000000e+02
8.095000000000000000e+02
8.095000000000000000e+02
8.095000000000000000e+02
8.095000000000000000e+02
8.095000000000000000e+02
8.095000000000000000e+02
8.095000000000000000e+02
8.095000000000000000e+02
8.095000000000000000e+02
8.095000000000000000e+02
8.095000000000000000e+02
8.095000000000000000e+02
8.095000000000000000e+02
8.095000000000000000e+02
8.095000000000000000e+02
8.095000000000000000e+02
8.095000000000000000e+02
8.095000000000000000e+02
8.095000000000000000e+02
8.095000000000000000e+02
8.095000000000000000e+02
8.095000000000000000e+02
8.095000000000000000e+02
8.095000000000000000e+02
8.095000000000000000e+02
8.095000000000000000e+02
8.095000000000000000e+02
8.095000000000000000e+02
8.095000000000000000e+02
