1.469125000000000014e+00 0.000000000000000000e+00
2.387583332999999808e+00 5.000000000000000000e-01
3.255374999999999908e+00 1.000000000000000000e+00
4.035812499999999581e+00 1.500000000000000000e+00
4.953270833000000373e+00 2.000000000000000000e+00
5.862562500000000121e+00 2.500000000000000000e+00
6.761520832999999620e+00 3.000000000000000000e+00
7.686812500000000270e+00 3.500000000000000000e+00
8.580916667000000331e+00 4.000000000000000000e+00
9.456125000000000114e+00 4.500000000000000000e+00
1.035077083300000034e+01 5.000000000000000000e+00
1.117189583300000066e+01 5.500000000000000000e+00
1.204397916699999982e+01 6.000000000000000000e+00
1.295054166699999953e+01 6.500000000000000000e+00
1.387977083300000025e+01 7.000000000000000000e+00
1.482150000000000034e+01 7.500000000000000000e+00
1.578708333300000000e+01 8.000000000000000000e+00
1.657768749999999969e+01 8.500000000000000000e+00
1.754777083300000129e+01 9.000000000000000000e+00
1.845610416699999945e+01 9.500000000000000000e+00
1.929356250000000017e+01 1.000000000000000000e+01
2.016554166699999939e+01 1.050000000000000000e+01
2.096437500000000043e+01 1.100000000000000000e+01
2.174247916699999905e+01 1.150000000000000000e+01
2.325872916699999848e+01 1.200000000000000000e+01
2.423279166700000076e+01 1.250000000000000000e+01
2.516466666699999877e+01 1.300000000000000000e+01
2.597304166700000039e+01 1.350000000000000000e+01
2.697431249999999991e+01 1.400000000000000000e+01
2.778602083299999848e+01 1.450000000000000000e+01
2.851635416699999936e+01 1.500000000000000000e+01
2.929158333299999839e+01 1.550000000000000000e+01
3.013604166700000064e+01 1.600000000000000000e+01
3.095945833300000061e+01 1.650000000000000000e+01
3.170039583300000174e+01 1.700000000000000000e+01
3.237214583299999759e+01 1.750000000000000000e+01
3.307591666700000133e+01 1.800000000000000000e+01
3.387174999999999869e+01 1.850000000000000000e+01
3.463441666700000354e+01 1.900000000000000000e+01
3.550204166700000030e+01 1.950000000000000000e+01
3.630797916699999917e+01 2.000000000000000000e+01
3.712866666699999740e+01 2.050000000000000000e+01
3.789422916699999888e+01 2.100000000000000000e+01
3.866718749999999716e+01 2.150000000000000000e+01
3.938672916699999860e+01 2.200000000000000000e+01
4.005843749999999659e+01 2.250000000000000000e+01
4.076770833300000163e+01 2.300000000000000000e+01
4.155275000000000318e+01 2.350000000000000000e+01
4.282300000000000040e+01 2.400000000000000000e+01
4.378606249999999989e+01 2.450000000000000000e+01
4.461510416699999837e+01 2.500000000000000000e+01
4.543445833300000203e+01 2.550000000000000000e+01
4.622170833300000226e+01 2.600000000000000000e+01
4.701197916699999979e+01 2.650000000000000000e+01
4.785464583299999930e+01 2.700000000000000000e+01
4.868637499999999818e+01 2.750000000000000000e+01
4.970539583299999720e+01 2.800000000000000000e+01
5.053791666699999752e+01 2.850000000000000000e+01
5.136035416699999701e+01 2.900000000000000000e+01
5.222745833300000129e+01 2.950000000000000000e+01
5.311025000000000063e+01 3.000000000000000000e+01
5.399162499999999909e+01 3.050000000000000000e+01
5.495760416699999951e+01 3.100000000000000000e+01
5.625906249999999886e+01 3.150000000000000000e+01
5.771745833300000328e+01 3.200000000000000000e+01
5.878187499999999943e+01 3.250000000000000000e+01
5.980093750000000341e+01 3.300000000000000000e+01
6.094995833299999788e+01 3.350000000000000000e+01
6.199320833299999833e+01 3.400000000000000000e+01
6.296033333300000123e+01 3.450000000000000000e+01
6.374972916699999814e+01 3.500000000000000000e+01
6.462593750000000625e+01 3.550000000000000000e+01
6.545754166700000098e+01 3.600000000000000000e+01
6.633614583300000334e+01 3.650000000000000000e+01
6.727641666700000656e+01 3.700000000000000000e+01
6.818093749999999886e+01 3.750000000000000000e+01
6.910454166700000656e+01 3.800000000000000000e+01
6.986966666700000417e+01 3.850000000000000000e+01
7.054641666700000258e+01 3.900000000000000000e+01
7.124977083299999947e+01 3.950000000000000000e+01
7.210139583299999799e+01 4.000000000000000000e+01
7.286370833300000527e+01 4.050000000000000000e+01
7.363843749999999488e+01 4.100000000000000000e+01
7.449435416699999735e+01 4.150000000000000000e+01
7.549524999999999864e+01 4.200000000000000000e+01
7.642908333299999413e+01 4.250000000000000000e+01
7.735064583300000152e+01 4.300000000000000000e+01
7.839839583299999504e+01 4.350000000000000000e+01
7.947145833300000106e+01 4.400000000000000000e+01
8.036366666700000394e+01 4.450000000000000000e+01
8.113158333299999470e+01 4.500000000000000000e+01
8.193164583300000459e+01 4.550000000000000000e+01
8.317935416699999962e+01 4.600000000000000000e+01
8.443975000000000364e+01 4.650000000000000000e+01
8.570466666699999791e+01 4.700000000000000000e+01
8.700316666700000212e+01 4.750000000000000000e+01
8.828020833300000447e+01 4.800000000000000000e+01
8.914372916700000360e+01 4.850000000000000000e+01
9.001466666700000019e+01 4.900000000000000000e+01
9.071929166699999314e+01 4.950000000000000000e+01
9.146331250000000068e+01 5.000000000000000000e+01
9.220193749999999966e+01 5.050000000000000000e+01
9.296666666699999837e+01 5.100000000000000000e+01
9.373622916700000474e+01 5.150000000000000000e+01
9.458585416699999371e+01 5.200000000000000000e+01
9.546504166699999416e+01 5.250000000000000000e+01
9.628579166699999803e+01 5.300000000000000000e+01
9.714056250000000148e+01 5.350000000000000000e+01
9.795237500000000352e+01 5.400000000000000000e+01
9.876570833300000629e+01 5.450000000000000000e+01
9.950000000000000000e+01 5.500000000000000000e+01
1.002528125000000045e+02 5.550000000000000000e+01
1.016170833329999965e+02 5.600000000000000000e+01
1.024403541669999953e+02 5.650000000000000000e+01
1.032262083330000024e+02 5.700000000000000000e+01
1.040151041670000041e+02 5.750000000000000000e+01
1.048202708329999950e+02 5.800000000000000000e+01
1.055361874999999969e+02 5.850000000000000000e+01
1.062492291669999958e+02 5.900000000000000000e+01
1.071042291669999997e+02 5.950000000000000000e+01
1.081019791669999961e+02 6.000000000000000000e+01
1.089445625000000035e+02 6.050000000000000000e+01
1.097667291669999940e+02 6.100000000000000000e+01
1.106208541670000045e+02 6.150000000000000000e+01
1.114732499999999931e+02 6.200000000000000000e+01
1.122187291670000064e+02 6.250000000000000000e+01
1.130084999999999980e+02 6.300000000000000000e+01
1.138512708330000009e+02 6.350000000000000000e+01
1.154243541670000042e+02 6.400000000000000000e+01
1.162671875000000057e+02 6.450000000000000000e+01
1.170979999999999990e+02 6.500000000000000000e+01
1.179349791669999945e+02 6.550000000000000000e+01
1.188154166669999938e+02 6.600000000000000000e+01
1.196705000000000041e+02 6.650000000000000000e+01
1.204448958330000039e+02 6.700000000000000000e+01
1.212087291670000013e+02 6.750000000000000000e+01
1.220728541670000027e+02 6.800000000000000000e+01
1.228762916670000038e+02 6.850000000000000000e+01
1.236570833330000028e+02 6.900000000000000000e+01
1.245111250000000069e+02 6.950000000000000000e+01
1.254022916670000001e+02 7.000000000000000000e+01
1.262537291670000030e+02 7.050000000000000000e+01
1.271674166669999977e+02 7.100000000000000000e+01
1.281520624999999995e+02 7.150000000000000000e+01
1.292260416670000041e+02 7.200000000000000000e+01
1.300667500000000132e+02 7.250000000000000000e+01
1.308446874999999920e+02 7.300000000000000000e+01
1.316085416669999972e+02 7.350000000000000000e+01
1.323713124999999877e+02 7.400000000000000000e+01
1.331242916669999943e+02 7.450000000000000000e+01
1.338211041669999872e+02 7.500000000000000000e+01
1.345660000000000025e+02 7.550000000000000000e+01
1.352998333330000094e+02 7.600000000000000000e+01
1.360143541669999934e+02 7.650000000000000000e+01
1.368037291670000002e+02 7.700000000000000000e+01
1.375720208330000105e+02 7.750000000000000000e+01
1.383961458329999914e+02 7.800000000000000000e+01
1.391602291670000113e+02 7.850000000000000000e+01
1.399205416670000091e+02 7.900000000000000000e+01
1.406944166670000129e+02 7.950000000000000000e+01
1.414747083329999953e+02 8.000000000000000000e+01
1.422722708329999932e+02 8.050000000000000000e+01
1.430405000000000086e+02 8.100000000000000000e+01
1.437393749999999955e+02 8.150000000000000000e+01
1.443891250000000070e+02 8.200000000000000000e+01
1.450648750000000007e+02 8.250000000000000000e+01
1.457764999999999986e+02 8.300000000000000000e+01
1.464633125000000007e+02 8.350000000000000000e+01
1.471876249999999970e+02 8.400000000000000000e+01
1.480527083329999982e+02 8.450000000000000000e+01
1.489460208330000057e+02 8.500000000000000000e+01
1.498109583330000021e+02 8.550000000000000000e+01
1.510705624999999941e+02 8.600000000000000000e+01
1.521043958330000123e+02 8.650000000000000000e+01
1.530938125000000127e+02 8.700000000000000000e+01
1.540878958330000046e+02 8.750000000000000000e+01
1.550203750000000014e+02 8.800000000000000000e+01
1.558576041670000052e+02 8.850000000000000000e+01
1.565631041670000059e+02 8.900000000000000000e+01
1.572710624999999993e+02 8.950000000000000000e+01
1.580384583329999941e+02 9.000000000000000000e+01
1.588498958330000050e+02 9.050000000000000000e+01
1.596318958329999873e+02 9.100000000000000000e+01
1.604285624999999982e+02 9.150000000000000000e+01
1.612922499999999957e+02 9.200000000000000000e+01
1.621542083330000139e+02 9.250000000000000000e+01
1.631352291670000056e+02 9.300000000000000000e+01
1.639329166670000006e+02 9.350000000000000000e+01
1.649100416670000016e+02 9.400000000000000000e+01
1.657301874999999995e+02 9.450000000000000000e+01
1.666903125000000045e+02 9.500000000000000000e+01
1.675885624999999948e+02 9.550000000000000000e+01
1.686445208330000014e+02 9.600000000000000000e+01
1.694854374999999891e+02 9.650000000000000000e+01
1.702150000000000034e+02 9.700000000000000000e+01
1.710126250000000141e+02 9.750000000000000000e+01
1.717443958329999987e+02 9.800000000000000000e+01
1.724824583330000110e+02 9.850000000000000000e+01
1.732869374999999934e+02 9.900000000000000000e+01
1.740556041670000127e+02 9.950000000000000000e+01
1.749460833329999900e+02 1.000000000000000000e+02
1.757154375000000073e+02 1.005000000000000000e+02
1.765349583329999916e+02 1.010000000000000000e+02
1.773561041670000122e+02 1.015000000000000000e+02
1.783260416669999984e+02 1.020000000000000000e+02
1.791888749999999959e+02 1.025000000000000000e+02
1.800507499999999936e+02 1.030000000000000000e+02
1.808539166669999929e+02 1.035000000000000000e+02
1.818180416669999886e+02 1.040000000000000000e+02
1.826187083330000007e+02 1.045000000000000000e+02
1.834500208329999964e+02 1.050000000000000000e+02
1.841796458329999950e+02 1.055000000000000000e+02
1.850683124999999905e+02 1.060000000000000000e+02
1.858263541670000052e+02 1.065000000000000000e+02
1.865679374999999993e+02 1.070000000000000000e+02
1.872895624999999882e+02 1.075000000000000000e+02
1.880991041670000072e+02 1.080000000000000000e+02
1.889478124999999977e+02 1.085000000000000000e+02
1.897664583330000028e+02 1.090000000000000000e+02
1.905011666670000068e+02 1.095000000000000000e+02
1.912678333329999987e+02 1.100000000000000000e+02
1.919773125000000107e+02 1.105000000000000000e+02
1.927275416669999970e+02 1.110000000000000000e+02
1.934271875000000023e+02 1.115000000000000000e+02
1.941860416670000120e+02 1.120000000000000000e+02
1.950266875000000084e+02 1.125000000000000000e+02
1.956958750000000009e+02 1.130000000000000000e+02
1.964089583329999869e+02 1.135000000000000000e+02
1.970827500000000043e+02 1.140000000000000000e+02
1.978350833330000000e+02 1.145000000000000000e+02
1.985492916670000056e+02 1.150000000000000000e+02
1.992664791670000000e+02 1.155000000000000000e+02
1.999967083329999866e+02 1.160000000000000000e+02
2.007111458329999891e+02 1.165000000000000000e+02
2.014908125000000041e+02 1.170000000000000000e+02
2.022290208329999928e+02 1.175000000000000000e+02
2.029666041670000141e+02 1.180000000000000000e+02
2.037253125000000011e+02 1.185000000000000000e+02
2.044646250000000123e+02 1.190000000000000000e+02
2.051929791670000043e+02 1.195000000000000000e+02
2.061911875000000123e+02 1.200000000000000000e+02
2.068770208329999889e+02 1.205000000000000000e+02
2.074637083329999996e+02 1.210000000000000000e+02
2.080842916670000022e+02 1.215000000000000000e+02
2.086619166670000141e+02 1.220000000000000000e+02
2.092884374999999864e+02 1.225000000000000000e+02
2.098697500000000105e+02 1.230000000000000000e+02
2.105832499999999925e+02 1.235000000000000000e+02
2.112399583330000041e+02 1.240000000000000000e+02
2.118532708330000105e+02 1.245000000000000000e+02
2.125184999999999889e+02 1.250000000000000000e+02
2.131983541669999909e+02 1.255000000000000000e+02
2.139329375000000084e+02 1.260000000000000000e+02
2.147470624999999984e+02 1.265000000000000000e+02
2.155600624999999866e+02 1.270000000000000000e+02
2.164901874999999905e+02 1.275000000000000000e+02
2.174590000000000032e+02 1.280000000000000000e+02
2.183189999999999884e+02 1.285000000000000000e+02
2.191408749999999941e+02 1.290000000000000000e+02
2.198677916670000059e+02 1.295000000000000000e+02
2.206858750000000100e+02 1.300000000000000000e+02
2.215585624999999936e+02 1.305000000000000000e+02
2.223214166669999940e+02 1.310000000000000000e+02
2.231214791669999897e+02 1.315000000000000000e+02
2.245114374999999995e+02 1.320000000000000000e+02
2.253497708330000080e+02 1.325000000000000000e+02
2.261876041669999893e+02 1.330000000000000000e+02
2.268864374999999995e+02 1.335000000000000000e+02
2.277240625000000023e+02 1.340000000000000000e+02
2.284282291670000120e+02 1.345000000000000000e+02
2.291570000000000107e+02 1.350000000000000000e+02
2.299300208329999862e+02 1.355000000000000000e+02
2.312267500000000098e+02 1.360000000000000000e+02
2.320104583330000025e+02 1.365000000000000000e+02
2.327309999999999945e+02 1.370000000000000000e+02
2.334624791669999979e+02 1.375000000000000000e+02
2.342048125000000027e+02 1.380000000000000000e+02
2.350118750000000034e+02 1.385000000000000000e+02
2.357512708330000066e+02 1.390000000000000000e+02
2.365125208329999964e+02 1.395000000000000000e+02
2.372314166669999906e+02 1.400000000000000000e+02
2.379925416670000118e+02 1.405000000000000000e+02
2.388568750000000023e+02 1.410000000000000000e+02
2.396342291670000009e+02 1.415000000000000000e+02
2.404955625000000055e+02 1.420000000000000000e+02
2.414047916670000120e+02 1.425000000000000000e+02
2.422597708330000046e+02 1.430000000000000000e+02
2.431466458330000080e+02 1.435000000000000000e+02
2.443487708330000032e+02 1.440000000000000000e+02
2.447876666669999963e+02 1.445000000000000000e+02
2.452849791669999888e+02 1.450000000000000000e+02
2.457548125000000141e+02 1.455000000000000000e+02
2.462156875000000014e+02 1.460000000000000000e+02
2.467326041670000052e+02 1.465000000000000000e+02
2.472072291670000084e+02 1.470000000000000000e+02
2.476969166670000106e+02 1.475000000000000000e+02
2.481427708329999859e+02 1.480000000000000000e+02
2.486302916669999945e+02 1.485000000000000000e+02
2.491064374999999984e+02 1.490000000000000000e+02
2.496457083329999875e+02 1.495000000000000000e+02
2.501585624999999879e+02 1.500000000000000000e+02
2.506522708329999887e+02 1.505000000000000000e+02
2.512204166669999950e+02 1.510000000000000000e+02
2.517371249999999918e+02 1.515000000000000000e+02
2.522409375000000011e+02 1.520000000000000000e+02
2.527750833329999978e+02 1.525000000000000000e+02
2.532693333329999916e+02 1.530000000000000000e+02
2.537913749999999879e+02 1.535000000000000000e+02
2.542926249999999868e+02 1.540000000000000000e+02
2.548689583329999948e+02 1.545000000000000000e+02
2.553632708330000014e+02 1.550000000000000000e+02
2.559428125000000023e+02 1.555000000000000000e+02
2.567121041670000068e+02 1.560000000000000000e+02
2.571868541669999786e+02 1.565000000000000000e+02
2.577212708330000055e+02 1.570000000000000000e+02
2.582455833330000132e+02 1.575000000000000000e+02
2.587410833330000060e+02 1.580000000000000000e+02
2.592181874999999991e+02 1.585000000000000000e+02
2.596909583330000260e+02 1.590000000000000000e+02
2.601598333329999946e+02 1.595000000000000000e+02
2.606099583330000087e+02 1.600000000000000000e+02
2.611212083330000269e+02 1.605000000000000000e+02
2.615832291670000131e+02 1.610000000000000000e+02
2.620449375000000032e+02 1.615000000000000000e+02
2.625452708330000178e+02 1.620000000000000000e+02
2.630959791669999959e+02 1.625000000000000000e+02
2.635389999999999873e+02 1.630000000000000000e+02
2.640694791669999972e+02 1.635000000000000000e+02
2.645746666669999740e+02 1.640000000000000000e+02
2.650988125000000082e+02 1.645000000000000000e+02
2.655686666670000022e+02 1.650000000000000000e+02
2.660534166670000218e+02 1.655000000000000000e+02
2.665657708329999878e+02 1.660000000000000000e+02
2.670792500000000018e+02 1.665000000000000000e+02
2.676438333329999750e+02 1.670000000000000000e+02
2.682351249999999823e+02 1.675000000000000000e+02
2.689014166669999781e+02 1.680000000000000000e+02
2.693824374999999804e+02 1.685000000000000000e+02
2.698385416670000154e+02 1.690000000000000000e+02
2.703196874999999864e+02 1.695000000000000000e+02
2.707579999999999814e+02 1.700000000000000000e+02
2.712875000000000227e+02 1.705000000000000000e+02
2.717520000000000095e+02 1.710000000000000000e+02
2.722711666669999886e+02 1.715000000000000000e+02
2.727712708330000169e+02 1.720000000000000000e+02
2.732723124999999982e+02 1.725000000000000000e+02
2.737381250000000250e+02 1.730000000000000000e+02
2.742610833329999878e+02 1.735000000000000000e+02
2.748251041670000063e+02 1.740000000000000000e+02
2.752749375000000214e+02 1.745000000000000000e+02
2.757934166669999740e+02 1.750000000000000000e+02
2.762940416669999877e+02 1.755000000000000000e+02
2.768093749999999886e+02 1.760000000000000000e+02
2.772907500000000027e+02 1.765000000000000000e+02
2.778396875000000250e+02 1.770000000000000000e+02
2.783692708329999732e+02 1.775000000000000000e+02
2.788515416669999922e+02 1.780000000000000000e+02
2.793678333330000214e+02 1.785000000000000000e+02
2.799035000000000082e+02 1.790000000000000000e+02
2.804299166669999863e+02 1.795000000000000000e+02
2.810396041669999931e+02 1.800000000000000000e+02
2.815271875000000250e+02 1.805000000000000000e+02
2.819975000000000023e+02 1.810000000000000000e+02
2.824886458330000210e+02 1.815000000000000000e+02
2.830464583329999755e+02 1.820000000000000000e+02
2.835413125000000036e+02 1.825000000000000000e+02
2.840683541669999954e+02 1.830000000000000000e+02
2.846072083330000169e+02 1.835000000000000000e+02
2.851333958330000087e+02 1.840000000000000000e+02
2.856355833329999996e+02 1.845000000000000000e+02
2.861263958330000037e+02 1.850000000000000000e+02
2.866388333329999796e+02 1.855000000000000000e+02
2.872050624999999968e+02 1.860000000000000000e+02
2.876765208329999837e+02 1.865000000000000000e+02
2.881569583329999773e+02 1.870000000000000000e+02
2.887073333330000082e+02 1.875000000000000000e+02
2.892502291669999863e+02 1.880000000000000000e+02
2.898221874999999841e+02 1.885000000000000000e+02
2.904244583330000182e+02 1.890000000000000000e+02
2.910574166669999840e+02 1.895000000000000000e+02
2.916049166669999977e+02 1.900000000000000000e+02
2.921967708330000164e+02 1.905000000000000000e+02
2.928357500000000186e+02 1.910000000000000000e+02
2.935805416669999772e+02 1.915000000000000000e+02
2.945698750000000246e+02 1.920000000000000000e+02
2.950285833329999718e+02 1.925000000000000000e+02
2.955436666670000250e+02 1.930000000000000000e+02
2.959783125000000155e+02 1.935000000000000000e+02
2.964954583329999878e+02 1.940000000000000000e+02
2.969896666669999945e+02 1.945000000000000000e+02
2.975142916670000091e+02 1.950000000000000000e+02
2.979904999999999973e+02 1.955000000000000000e+02
2.984935833330000037e+02 1.960000000000000000e+02
2.989390416670000263e+02 1.965000000000000000e+02
2.994164999999999850e+02 1.970000000000000000e+02
2.998936041669999781e+02 1.975000000000000000e+02
3.004121250000000032e+02 1.980000000000000000e+02
3.008704999999999927e+02 1.985000000000000000e+02
3.013843125000000214e+02 1.990000000000000000e+02
3.019418749999999818e+02 1.995000000000000000e+02
3.024320624999999723e+02 2.000000000000000000e+02
3.029270833329999846e+02 2.005000000000000000e+02
3.035057708329999855e+02 2.010000000000000000e+02
3.039900625000000218e+02 2.015000000000000000e+02
3.044709166669999831e+02 2.020000000000000000e+02
3.050092916670000136e+02 2.025000000000000000e+02
3.055394583330000273e+02 2.030000000000000000e+02
3.060485833330000105e+02 2.035000000000000000e+02
3.066600624999999809e+02 2.040000000000000000e+02
3.071435833329999809e+02 2.045000000000000000e+02
3.076416249999999764e+02 2.050000000000000000e+02
3.081187083329999723e+02 2.055000000000000000e+02
3.086508958329999928e+02 2.060000000000000000e+02
3.091194375000000036e+02 2.065000000000000000e+02
3.096526666670000054e+02 2.070000000000000000e+02
3.101318125000000236e+02 2.075000000000000000e+02
3.105778750000000059e+02 2.080000000000000000e+02
3.110038124999999809e+02 2.085000000000000000e+02
3.115291041670000141e+02 2.090000000000000000e+02
3.120410625000000095e+02 2.095000000000000000e+02
3.125677708329999973e+02 2.100000000000000000e+02
3.130573958329999869e+02 2.105000000000000000e+02
3.135136041669999827e+02 2.110000000000000000e+02
3.140441250000000082e+02 2.115000000000000000e+02
3.145537291669999718e+02 2.120000000000000000e+02
3.150595625000000268e+02 2.125000000000000000e+02
3.155835000000000150e+02 2.130000000000000000e+02
3.160728333330000055e+02 2.135000000000000000e+02
3.165794583329999909e+02 2.140000000000000000e+02
3.170785208330000273e+02 2.145000000000000000e+02
3.176095416669999736e+02 2.150000000000000000e+02
3.182007708329999787e+02 2.155000000000000000e+02
3.187260833330000196e+02 2.160000000000000000e+02
3.192800624999999854e+02 2.165000000000000000e+02
3.198296874999999773e+02 2.170000000000000000e+02
3.203251666670000191e+02 2.175000000000000000e+02
3.208923750000000155e+02 2.180000000000000000e+02
3.214037083329999973e+02 2.185000000000000000e+02
3.218946041670000113e+02 2.190000000000000000e+02
3.224216250000000059e+02 2.195000000000000000e+02
3.229356041670000081e+02 2.200000000000000000e+02
3.234151666669999940e+02 2.205000000000000000e+02
3.239298541669999736e+02 2.210000000000000000e+02
3.244526458330000196e+02 2.215000000000000000e+02
3.249618333330000155e+02 2.220000000000000000e+02
3.254016874999999800e+02 2.225000000000000000e+02
3.259093333330000064e+02 2.230000000000000000e+02
3.263967499999999973e+02 2.235000000000000000e+02
3.269425625000000082e+02 2.240000000000000000e+02
3.274262499999999818e+02 2.245000000000000000e+02
3.279526875000000246e+02 2.250000000000000000e+02
3.284398958329999800e+02 2.255000000000000000e+02
3.289583749999999895e+02 2.260000000000000000e+02
3.294522291669999845e+02 2.265000000000000000e+02
3.299465833329999782e+02 2.270000000000000000e+02
3.304808958329999768e+02 2.275000000000000000e+02
3.309979999999999905e+02 2.280000000000000000e+02
3.315143958329999805e+02 2.285000000000000000e+02
3.320299375000000168e+02 2.290000000000000000e+02
3.325528958329999796e+02 2.295000000000000000e+02
3.330857083330000137e+02 2.300000000000000000e+02
3.335803541669999959e+02 2.305000000000000000e+02
3.341100416670000186e+02 2.310000000000000000e+02
3.345804791670000213e+02 2.315000000000000000e+02
3.351542499999999905e+02 2.320000000000000000e+02
3.356205208330000005e+02 2.325000000000000000e+02
3.362042291669999940e+02 2.330000000000000000e+02
3.366978958330000182e+02 2.335000000000000000e+02
3.372706249999999955e+02 2.340000000000000000e+02
3.377892916669999863e+02 2.345000000000000000e+02
3.383041875000000118e+02 2.350000000000000000e+02
3.388424375000000168e+02 2.355000000000000000e+02
3.393481874999999945e+02 2.360000000000000000e+02
3.398367708330000028e+02 2.365000000000000000e+02
3.403332083330000160e+02 2.370000000000000000e+02
3.408094375000000014e+02 2.375000000000000000e+02
3.413555000000000064e+02 2.380000000000000000e+02
3.418593333329999950e+02 2.385000000000000000e+02
3.423787916669999731e+02 2.390000000000000000e+02
3.428786458330000073e+02 2.395000000000000000e+02
3.434110625000000141e+02 2.400000000000000000e+02
3.439521041670000159e+02 2.405000000000000000e+02
3.444462916670000254e+02 2.410000000000000000e+02
3.449547916669999950e+02 2.415000000000000000e+02
3.455727083329999800e+02 2.420000000000000000e+02
3.460854166670000041e+02 2.425000000000000000e+02
3.466038958330000241e+02 2.430000000000000000e+02
3.471192083330000173e+02 2.435000000000000000e+02
3.476405208329999823e+02 2.440000000000000000e+02
3.481544166670000209e+02 2.445000000000000000e+02
3.487014374999999973e+02 2.450000000000000000e+02
3.492049791669999763e+02 2.455000000000000000e+02
3.497675208329999919e+02 2.460000000000000000e+02
3.502249375000000100e+02 2.465000000000000000e+02
3.507338333330000069e+02 2.470000000000000000e+02
3.512121875000000273e+02 2.475000000000000000e+02
3.517367499999999723e+02 2.480000000000000000e+02
3.521472083329999805e+02 2.485000000000000000e+02
3.526584166669999831e+02 2.490000000000000000e+02
3.530841874999999845e+02 2.495000000000000000e+02
3.535392916669999863e+02 2.500000000000000000e+02
3.540380208330000187e+02 2.505000000000000000e+02
3.545676041670000131e+02 2.510000000000000000e+02
3.550657083329999750e+02 2.515000000000000000e+02
3.557325833329999796e+02 2.520000000000000000e+02
3.562588749999999891e+02 2.525000000000000000e+02
3.567901041669999813e+02 2.530000000000000000e+02
3.573291249999999764e+02 2.535000000000000000e+02
3.578647708330000228e+02 2.540000000000000000e+02
3.583742708330000255e+02 2.545000000000000000e+02
3.589954999999999927e+02 2.550000000000000000e+02
3.595109166670000036e+02 2.555000000000000000e+02
3.600237708330000146e+02 2.560000000000000000e+02
3.605622708330000137e+02 2.565000000000000000e+02
3.612345416669999736e+02 2.570000000000000000e+02
3.618451875000000086e+02 2.575000000000000000e+02
3.625371458330000110e+02 2.580000000000000000e+02
3.631047291670000163e+02 2.585000000000000000e+02
3.636763750000000073e+02 2.590000000000000000e+02
3.641667083329999741e+02 2.595000000000000000e+02
3.647708958329999973e+02 2.600000000000000000e+02
3.653764166670000009e+02 2.605000000000000000e+02
3.660950833329999909e+02 2.610000000000000000e+02
3.667334999999999923e+02 2.615000000000000000e+02
3.673572916670000268e+02 2.620000000000000000e+02
3.680881875000000036e+02 2.625000000000000000e+02
3.688847708330000046e+02 2.630000000000000000e+02
3.701443125000000123e+02 2.635000000000000000e+02
3.716650624999999764e+02 2.640000000000000000e+02
3.725323333329999969e+02 2.645000000000000000e+02
3.733959166669999945e+02 2.650000000000000000e+02
3.742468958329999964e+02 2.655000000000000000e+02
3.750484999999999900e+02 2.660000000000000000e+02
3.759411666670000045e+02 2.665000000000000000e+02
3.767870416669999827e+02 2.670000000000000000e+02
3.778101458329999787e+02 2.675000000000000000e+02
3.788206458330000146e+02 2.680000000000000000e+02
3.797382708330000014e+02 2.685000000000000000e+02
3.806531666669999936e+02 2.690000000000000000e+02
3.815234166669999922e+02 2.695000000000000000e+02
3.823084583329999759e+02 2.700000000000000000e+02
3.831561041670000236e+02 2.705000000000000000e+02
3.840020833329999732e+02 2.710000000000000000e+02
3.848445624999999950e+02 2.715000000000000000e+02
3.856864583330000187e+02 2.720000000000000000e+02
3.866071249999999964e+02 2.725000000000000000e+02
3.874587083330000041e+02 2.730000000000000000e+02
3.883482916670000122e+02 2.735000000000000000e+02
3.892357499999999959e+02 2.740000000000000000e+02
3.899848124999999754e+02 2.745000000000000000e+02
3.907244791670000268e+02 2.750000000000000000e+02
3.915416458330000182e+02 2.755000000000000000e+02
3.924674166670000091e+02 2.760000000000000000e+02
3.933155624999999986e+02 2.765000000000000000e+02
3.941917291670000054e+02 2.770000000000000000e+02
3.952145416669999918e+02 2.775000000000000000e+02
3.962165208330000041e+02 2.780000000000000000e+02
3.970836041669999759e+02 2.785000000000000000e+02
3.977779583330000150e+02 2.790000000000000000e+02
3.985397916669999745e+02 2.795000000000000000e+02
3.992981666669999754e+02 2.800000000000000000e+02
4.001200625000000173e+02 2.805000000000000000e+02
4.008651041670000268e+02 2.810000000000000000e+02
4.015569375000000036e+02 2.815000000000000000e+02
4.022913333330000114e+02 2.820000000000000000e+02
4.030212500000000091e+02 2.825000000000000000e+02
4.037207500000000095e+02 2.830000000000000000e+02
4.044458958330000087e+02 2.835000000000000000e+02
4.053061041670000009e+02 2.840000000000000000e+02
4.060935625000000186e+02 2.845000000000000000e+02
4.068995625000000018e+02 2.850000000000000000e+02
4.075779375000000186e+02 2.855000000000000000e+02
4.083240000000000123e+02 2.860000000000000000e+02
4.089873541669999781e+02 2.865000000000000000e+02
4.097668750000000273e+02 2.870000000000000000e+02
4.105249583329999723e+02 2.875000000000000000e+02
4.117158749999999827e+02 2.880000000000000000e+02
4.125522500000000150e+02 2.885000000000000000e+02
4.132851249999999936e+02 2.890000000000000000e+02
4.141262500000000273e+02 2.895000000000000000e+02
4.148287083330000087e+02 2.900000000000000000e+02
4.156431666670000027e+02 2.905000000000000000e+02
4.164118958330000169e+02 2.910000000000000000e+02
4.173234583330000191e+02 2.915000000000000000e+02
4.185249375000000214e+02 2.920000000000000000e+02
4.194667083329999855e+02 2.925000000000000000e+02
4.203093958329999964e+02 2.930000000000000000e+02
4.211425624999999968e+02 2.935000000000000000e+02
4.221049791670000104e+02 2.940000000000000000e+02
4.232820624999999950e+02 2.945000000000000000e+02
4.245287291669999945e+02 2.950000000000000000e+02
4.257441458330000046e+02 2.955000000000000000e+02
4.274929999999999950e+02 2.960000000000000000e+02
4.281629791670000031e+02 2.965000000000000000e+02
4.287879374999999982e+02 2.970000000000000000e+02
4.293653958329999796e+02 2.975000000000000000e+02
4.300173958330000232e+02 2.980000000000000000e+02
4.306326041670000109e+02 2.985000000000000000e+02
4.311944374999999923e+02 2.990000000000000000e+02
4.318193333329999746e+02 2.995000000000000000e+02
4.323917916670000068e+02 3.000000000000000000e+02
4.330467083330000264e+02 3.005000000000000000e+02
4.336461249999999836e+02 3.010000000000000000e+02
4.342293958330000123e+02 3.015000000000000000e+02
4.347848541669999918e+02 3.020000000000000000e+02
4.354104166669999927e+02 3.025000000000000000e+02
4.360550208330000146e+02 3.030000000000000000e+02
4.366840833329999896e+02 3.035000000000000000e+02
4.372023541670000100e+02 3.040000000000000000e+02
4.378045833329999823e+02 3.045000000000000000e+02
4.383689583330000232e+02 3.050000000000000000e+02
4.389516666669999836e+02 3.055000000000000000e+02
4.394187291669999809e+02 3.060000000000000000e+02
4.399633958329999928e+02 3.065000000000000000e+02
4.404633124999999723e+02 3.070000000000000000e+02
4.410442708329999846e+02 3.075000000000000000e+02
4.415574583329999996e+02 3.080000000000000000e+02
4.421265000000000214e+02 3.085000000000000000e+02
4.426613541670000131e+02 3.090000000000000000e+02
4.432000833330000091e+02 3.095000000000000000e+02
4.436964375000000018e+02 3.100000000000000000e+02
4.442178749999999923e+02 3.105000000000000000e+02
4.446827708330000064e+02 3.110000000000000000e+02
4.451939166669999963e+02 3.115000000000000000e+02
4.456836458330000141e+02 3.120000000000000000e+02
4.462268333330000019e+02 3.125000000000000000e+02
4.467352916670000127e+02 3.130000000000000000e+02
4.472989375000000223e+02 3.135000000000000000e+02
4.478449166670000068e+02 3.140000000000000000e+02
4.483946041670000113e+02 3.145000000000000000e+02
4.489694791669999745e+02 3.150000000000000000e+02
4.494996041669999727e+02 3.155000000000000000e+02
4.500545416670000236e+02 3.160000000000000000e+02
4.506151041670000268e+02 3.165000000000000000e+02
4.511354375000000232e+02 3.170000000000000000e+02
4.516985416669999722e+02 3.175000000000000000e+02
4.522194999999999823e+02 3.180000000000000000e+02
4.527728958330000069e+02 3.185000000000000000e+02
4.532517083330000105e+02 3.190000000000000000e+02
4.537731458330000009e+02 3.195000000000000000e+02
4.542443958329999987e+02 3.200000000000000000e+02
4.548199166669999727e+02 3.205000000000000000e+02
4.553524166670000000e+02 3.210000000000000000e+02
4.558568124999999895e+02 3.215000000000000000e+02
4.563888958329999923e+02 3.220000000000000000e+02
4.569049999999999727e+02 3.225000000000000000e+02
4.574152916670000195e+02 3.230000000000000000e+02
4.578907708329999764e+02 3.235000000000000000e+02
4.584288958330000128e+02 3.240000000000000000e+02
4.590069374999999923e+02 3.245000000000000000e+02
4.595669166669999868e+02 3.250000000000000000e+02
4.601180625000000077e+02 3.255000000000000000e+02
4.606810624999999959e+02 3.260000000000000000e+02
4.614026666670000054e+02 3.265000000000000000e+02
4.622968541669999922e+02 3.270000000000000000e+02
4.630649999999999977e+02 3.275000000000000000e+02
4.640599791669999945e+02 3.280000000000000000e+02
4.646051874999999995e+02 3.285000000000000000e+02
4.651059166669999740e+02 3.290000000000000000e+02
4.656330416669999863e+02 3.295000000000000000e+02
4.660651458329999741e+02 3.300000000000000000e+02
4.665004791669999804e+02 3.305000000000000000e+02
4.670305000000000177e+02 3.310000000000000000e+02
4.675822291669999800e+02 3.315000000000000000e+02
4.680342083329999809e+02 3.320000000000000000e+02
4.685778333330000009e+02 3.325000000000000000e+02
4.691381250000000023e+02 3.330000000000000000e+02
4.696896666669999831e+02 3.335000000000000000e+02
4.703592708329999823e+02 3.340000000000000000e+02
4.709267916669999750e+02 3.345000000000000000e+02
4.714765416669999922e+02 3.350000000000000000e+02
4.720273958330000141e+02 3.355000000000000000e+02
4.726456458330000032e+02 3.360000000000000000e+02
4.731625000000000227e+02 3.365000000000000000e+02
4.737227500000000191e+02 3.370000000000000000e+02
4.742719374999999786e+02 3.375000000000000000e+02
4.748320833330000141e+02 3.380000000000000000e+02
4.754237291669999763e+02 3.385000000000000000e+02
4.759802500000000123e+02 3.390000000000000000e+02
4.765499583330000064e+02 3.395000000000000000e+02
4.771918541669999740e+02 3.400000000000000000e+02
4.777560416669999768e+02 3.405000000000000000e+02
4.783283333329999891e+02 3.410000000000000000e+02
4.788870833330000210e+02 3.415000000000000000e+02
4.794357499999999845e+02 3.420000000000000000e+02
4.799958333330000073e+02 3.425000000000000000e+02
4.805892083329999878e+02 3.430000000000000000e+02
4.811081874999999854e+02 3.435000000000000000e+02
4.816831041670000104e+02 3.440000000000000000e+02
4.822446249999999850e+02 3.445000000000000000e+02
4.827333750000000236e+02 3.450000000000000000e+02
4.833377291670000204e+02 3.455000000000000000e+02
4.838420624999999973e+02 3.460000000000000000e+02
4.843876458330000219e+02 3.465000000000000000e+02
4.849379999999999882e+02 3.470000000000000000e+02
4.855363125000000082e+02 3.475000000000000000e+02
4.860112500000000182e+02 3.480000000000000000e+02
4.865673541670000191e+02 3.485000000000000000e+02
4.870770208330000060e+02 3.490000000000000000e+02
4.875738541669999790e+02 3.495000000000000000e+02
4.881020833329999959e+02 3.500000000000000000e+02
4.886303125000000023e+02 3.505000000000000000e+02
4.891081249999999727e+02 3.510000000000000000e+02
4.895445000000000277e+02 3.515000000000000000e+02
4.899939166670000077e+02 3.520000000000000000e+02
4.905304583330000128e+02 3.525000000000000000e+02
4.909921875000000000e+02 3.530000000000000000e+02
4.914334791669999731e+02 3.535000000000000000e+02
4.918440208330000019e+02 3.540000000000000000e+02
4.924662083329999973e+02 3.545000000000000000e+02
4.929684374999999932e+02 3.550000000000000000e+02
4.934276041670000268e+02 3.555000000000000000e+02
4.938946458330000269e+02 3.560000000000000000e+02
4.944526041670000041e+02 3.565000000000000000e+02
4.948964166669999827e+02 3.570000000000000000e+02
4.954180208330000141e+02 3.575000000000000000e+02
4.958884375000000091e+02 3.580000000000000000e+02
4.964468958329999850e+02 3.585000000000000000e+02
4.969798749999999927e+02 3.590000000000000000e+02
4.976094375000000127e+02 3.595000000000000000e+02
4.983608958329999723e+02 3.600000000000000000e+02
4.989744999999999777e+02 3.605000000000000000e+02
4.994312083329999723e+02 3.610000000000000000e+02
4.999054375000000050e+02 3.615000000000000000e+02
5.003957916670000259e+02 3.620000000000000000e+02
5.009098124999999868e+02 3.625000000000000000e+02
5.014477083329999800e+02 3.630000000000000000e+02
5.020028541670000095e+02 3.635000000000000000e+02
5.025388125000000059e+02 3.640000000000000000e+02
5.031070000000000277e+02 3.645000000000000000e+02
5.036890416670000263e+02 3.650000000000000000e+02
5.042022708330000000e+02 3.655000000000000000e+02
5.047272500000000264e+02 3.660000000000000000e+02
5.052501041670000177e+02 3.665000000000000000e+02
5.057887083329999882e+02 3.670000000000000000e+02
5.063065416669999763e+02 3.675000000000000000e+02
5.068489583329999846e+02 3.680000000000000000e+02
5.073628333330000260e+02 3.685000000000000000e+02
5.079537708330000214e+02 3.690000000000000000e+02
5.085283541669999750e+02 3.695000000000000000e+02
5.091125625000000241e+02 3.700000000000000000e+02
5.096466041670000209e+02 3.705000000000000000e+02
5.102190208330000019e+02 3.710000000000000000e+02
5.107953749999999786e+02 3.715000000000000000e+02
5.113146041670000272e+02 3.720000000000000000e+02
5.118581249999999727e+02 3.725000000000000000e+02
5.124069375000000264e+02 3.730000000000000000e+02
5.128983333329999823e+02 3.735000000000000000e+02
5.134392291670000077e+02 3.740000000000000000e+02
5.139301249999999754e+02 3.745000000000000000e+02
5.144733333330000278e+02 3.750000000000000000e+02
5.149787499999999909e+02 3.755000000000000000e+02
5.155388749999999618e+02 3.760000000000000000e+02
5.162006874999999582e+02 3.765000000000000000e+02
5.167296250000000555e+02 3.770000000000000000e+02
5.173620208329999741e+02 3.775000000000000000e+02
5.179234166669999695e+02 3.780000000000000000e+02
5.184608749999999873e+02 3.785000000000000000e+02
5.189859374999999773e+02 3.790000000000000000e+02
5.195283958329999905e+02 3.795000000000000000e+02
5.200273958330000141e+02 3.800000000000000000e+02
5.205480000000000018e+02 3.805000000000000000e+02
5.210823749999999563e+02 3.810000000000000000e+02
5.216081041669999649e+02 3.815000000000000000e+02
5.220446875000000091e+02 3.820000000000000000e+02
5.225739166670000486e+02 3.825000000000000000e+02
5.230516874999999573e+02 3.830000000000000000e+02
5.235603541670000141e+02 3.835000000000000000e+02
5.240566874999999527e+02 3.840000000000000000e+02
5.245789791670000568e+02 3.845000000000000000e+02
5.251071249999999964e+02 3.850000000000000000e+02
5.255822500000000446e+02 3.855000000000000000e+02
5.261499374999999645e+02 3.860000000000000000e+02
5.267074583329999768e+02 3.865000000000000000e+02
5.272158749999999827e+02 3.870000000000000000e+02
5.277552083330000414e+02 3.875000000000000000e+02
5.283180208329999914e+02 3.880000000000000000e+02
5.288721458329999905e+02 3.885000000000000000e+02
5.293832499999999754e+02 3.890000000000000000e+02
5.298933958329999996e+02 3.895000000000000000e+02
5.304378124999999500e+02 3.900000000000000000e+02
5.310202500000000327e+02 3.905000000000000000e+02
5.315328749999999900e+02 3.910000000000000000e+02
5.320742916670000113e+02 3.915000000000000000e+02
5.326228125000000091e+02 3.920000000000000000e+02
5.332062083329999496e+02 3.925000000000000000e+02
5.337746041670000068e+02 3.930000000000000000e+02
5.343169166669999868e+02 3.935000000000000000e+02
5.348091249999999945e+02 3.940000000000000000e+02
5.353816874999999982e+02 3.945000000000000000e+02
5.358621041669999840e+02 3.950000000000000000e+02
5.364626250000000027e+02 3.955000000000000000e+02
5.370147500000000491e+02 3.960000000000000000e+02
5.375914166669999759e+02 3.965000000000000000e+02
5.381100833330000341e+02 3.970000000000000000e+02
5.386441666670000359e+02 3.975000000000000000e+02
5.391811874999999645e+02 3.980000000000000000e+02
5.397297499999999673e+02 3.985000000000000000e+02
5.402568958330000441e+02 3.990000000000000000e+02
5.407563541670000404e+02 3.995000000000000000e+02
5.412793541669999513e+02 4.000000000000000000e+02
5.418380416669999704e+02 4.005000000000000000e+02
5.423759791669999686e+02 4.010000000000000000e+02
5.428988749999999754e+02 4.015000000000000000e+02
5.434302291669999931e+02 4.020000000000000000e+02
5.439669583329999796e+02 4.025000000000000000e+02
5.445248541669999440e+02 4.030000000000000000e+02
5.450832708330000287e+02 4.035000000000000000e+02
5.456033750000000282e+02 4.040000000000000000e+02
5.461353958329999614e+02 4.045000000000000000e+02
5.466101666670000441e+02 4.050000000000000000e+02
5.471654375000000528e+02 4.055000000000000000e+02
5.477033125000000382e+02 4.060000000000000000e+02
5.482164583329999914e+02 4.065000000000000000e+02
5.488192291670000031e+02 4.070000000000000000e+02
5.492754999999999654e+02 4.075000000000000000e+02
5.498182708330000423e+02 4.080000000000000000e+02
5.503709374999999682e+02 4.085000000000000000e+02
5.508825416670000550e+02 4.090000000000000000e+02
5.514064791670000432e+02 4.095000000000000000e+02
5.519782291669999950e+02 4.100000000000000000e+02
5.525151041670000041e+02 4.105000000000000000e+02
5.530798125000000027e+02 4.110000000000000000e+02
5.535574374999999918e+02 4.115000000000000000e+02
5.541118125000000418e+02 4.120000000000000000e+02
5.546349374999999782e+02 4.125000000000000000e+02
5.552133125000000291e+02 4.130000000000000000e+02
5.558069791670000086e+02 4.135000000000000000e+02
5.566165833329999941e+02 4.140000000000000000e+02
5.571117500000000291e+02 4.145000000000000000e+02
5.577655416669999795e+02 4.150000000000000000e+02
5.583368541669999559e+02 4.155000000000000000e+02
5.590002083330000460e+02 4.160000000000000000e+02
5.595481666670000322e+02 4.165000000000000000e+02
5.601666874999999663e+02 4.170000000000000000e+02
5.608288125000000264e+02 4.175000000000000000e+02
5.614604583330000196e+02 4.180000000000000000e+02
5.620578958329999750e+02 4.185000000000000000e+02
5.626280000000000427e+02 4.190000000000000000e+02
5.632714166670000395e+02 4.195000000000000000e+02
5.638741874999999482e+02 4.200000000000000000e+02
5.645084583330000214e+02 4.205000000000000000e+02
5.650852499999999736e+02 4.210000000000000000e+02
5.655994583330000296e+02 4.215000000000000000e+02
5.661876875000000382e+02 4.220000000000000000e+02
5.668079374999999800e+02 4.225000000000000000e+02
5.674341249999999945e+02 4.230000000000000000e+02
5.680104583329999741e+02 4.235000000000000000e+02
5.688993958329999714e+02 4.240000000000000000e+02
5.695614583330000187e+02 4.245000000000000000e+02
5.701544583329999796e+02 4.250000000000000000e+02
5.708532291669999950e+02 4.255000000000000000e+02
5.716253958329999705e+02 4.260000000000000000e+02
5.723940833330000260e+02 4.265000000000000000e+02
5.730441458330000160e+02 4.270000000000000000e+02
5.739001458330000105e+02 4.275000000000000000e+02
5.747577708329999950e+02 4.280000000000000000e+02
5.753769375000000537e+02 4.285000000000000000e+02
5.760122499999999945e+02 4.290000000000000000e+02
5.766435416670000222e+02 4.295000000000000000e+02
5.773307708329999741e+02 4.300000000000000000e+02
5.779639166670000350e+02 4.305000000000000000e+02
5.785762708329999668e+02 4.310000000000000000e+02
5.791720000000000255e+02 4.315000000000000000e+02
5.797485833330000560e+02 4.320000000000000000e+02
5.803669583329999568e+02 4.325000000000000000e+02
5.808777499999999918e+02 4.330000000000000000e+02
5.814106458329999896e+02 4.335000000000000000e+02
5.818799374999999827e+02 4.340000000000000000e+02
5.824137083330000451e+02 4.345000000000000000e+02
5.829689583330000460e+02 4.350000000000000000e+02
5.835866458330000341e+02 4.355000000000000000e+02
5.841409374999999500e+02 4.360000000000000000e+02
5.847142708330000005e+02 4.365000000000000000e+02
5.853683125000000018e+02 4.370000000000000000e+02
5.860666458330000523e+02 4.375000000000000000e+02
5.866108124999999518e+02 4.380000000000000000e+02
5.872169999999999845e+02 4.385000000000000000e+02
5.877948333330000423e+02 4.390000000000000000e+02
5.884035000000000082e+02 4.395000000000000000e+02
5.890299166669999522e+02 4.400000000000000000e+02
5.896390000000000100e+02 4.405000000000000000e+02
5.902405208330000050e+02 4.410000000000000000e+02
5.908375624999999900e+02 4.415000000000000000e+02
5.913597291669999549e+02 4.420000000000000000e+02
5.919377916670000559e+02 4.425000000000000000e+02
5.924591666669999768e+02 4.430000000000000000e+02
5.930002083330000460e+02 4.435000000000000000e+02
5.936301250000000209e+02 4.440000000000000000e+02
5.942642708329999550e+02 4.445000000000000000e+02
5.948057083329999841e+02 4.450000000000000000e+02
5.955796041669999568e+02 4.455000000000000000e+02
5.965133333329999914e+02 4.460000000000000000e+02
5.970027499999999918e+02 4.465000000000000000e+02
5.974857083330000478e+02 4.470000000000000000e+02
5.980030416670000477e+02 4.475000000000000000e+02
5.984386875000000146e+02 4.480000000000000000e+02
5.989997499999999491e+02 4.485000000000000000e+02
5.995462708329999941e+02 4.490000000000000000e+02
6.001171458329999950e+02 4.495000000000000000e+02
6.007069791669999859e+02 4.500000000000000000e+02
6.012151041670000495e+02 4.505000000000000000e+02
6.017678333329999987e+02 4.510000000000000000e+02
6.023370625000000018e+02 4.515000000000000000e+02
6.028205000000000382e+02 4.520000000000000000e+02
6.033181458330000169e+02 4.525000000000000000e+02
6.038872916669999995e+02 4.530000000000000000e+02
6.044444375000000491e+02 4.535000000000000000e+02
6.049787499999999909e+02 4.540000000000000000e+02
6.055378124999999727e+02 4.545000000000000000e+02
6.061541666670000268e+02 4.550000000000000000e+02
6.067146874999999682e+02 4.555000000000000000e+02
6.073336874999999964e+02 4.560000000000000000e+02
6.079109791670000504e+02 4.565000000000000000e+02
6.085091875000000528e+02 4.570000000000000000e+02
6.090986874999999827e+02 4.575000000000000000e+02
6.096294791669999995e+02 4.580000000000000000e+02
6.102542499999999563e+02 4.585000000000000000e+02
6.107686875000000555e+02 4.590000000000000000e+02
6.113157083329999750e+02 4.595000000000000000e+02
6.118339166670000395e+02 4.600000000000000000e+02
6.123873541670000122e+02 4.605000000000000000e+02
6.129380625000000009e+02 4.610000000000000000e+02
6.135752916669999877e+02 4.615000000000000000e+02
6.142262291670000423e+02 4.620000000000000000e+02
6.148856458330000123e+02 4.625000000000000000e+02
6.156105208330000096e+02 4.630000000000000000e+02
6.162733124999999745e+02 4.635000000000000000e+02
6.171808333330000096e+02 4.640000000000000000e+02
6.178480416669999613e+02 4.645000000000000000e+02
6.184994374999999991e+02 4.650000000000000000e+02
6.191243124999999736e+02 4.655000000000000000e+02
6.198505625000000236e+02 4.660000000000000000e+02
6.205487708330000487e+02 4.665000000000000000e+02
6.211960416670000313e+02 4.670000000000000000e+02
6.218149791670000468e+02 4.675000000000000000e+02
6.224366666670000541e+02 4.680000000000000000e+02
6.230537708330000441e+02 4.685000000000000000e+02
6.236914375000000064e+02 4.690000000000000000e+02
6.242745208329999969e+02 4.695000000000000000e+02
6.249003750000000537e+02 4.700000000000000000e+02
6.255302916670000286e+02 4.705000000000000000e+02
6.261358541670000477e+02 4.710000000000000000e+02
6.267294375000000173e+02 4.715000000000000000e+02
6.273739375000000109e+02 4.720000000000000000e+02
6.280250624999999900e+02 4.725000000000000000e+02
6.286889791669999568e+02 4.730000000000000000e+02
6.292906249999999773e+02 4.735000000000000000e+02
6.299379999999999882e+02 4.740000000000000000e+02
6.305827708330000405e+02 4.745000000000000000e+02
6.312220416669999850e+02 4.750000000000000000e+02
6.318237291670000104e+02 4.755000000000000000e+02
6.324465208330000223e+02 4.760000000000000000e+02
6.331132916669999986e+02 4.765000000000000000e+02
6.336637916670000550e+02 4.770000000000000000e+02
6.343232083330000250e+02 4.775000000000000000e+02
6.349631249999999909e+02 4.780000000000000000e+02
6.355737708330000260e+02 4.785000000000000000e+02
6.361777499999999463e+02 4.790000000000000000e+02
6.368059791670000322e+02 4.795000000000000000e+02
6.375236666670000432e+02 4.800000000000000000e+02
6.381918541669999740e+02 4.805000000000000000e+02
6.388477083330000141e+02 4.810000000000000000e+02
6.394143749999999500e+02 4.815000000000000000e+02
6.400130416670000386e+02 4.820000000000000000e+02
6.407455416669999977e+02 4.825000000000000000e+02
6.414498750000000200e+02 4.830000000000000000e+02
6.421649374999999509e+02 4.835000000000000000e+02
6.436475625000000491e+02 4.840000000000000000e+02
6.444353333330000169e+02 4.845000000000000000e+02
6.452030624999999873e+02 4.850000000000000000e+02
6.459925624999999627e+02 4.855000000000000000e+02
6.472255416670000159e+02 4.860000000000000000e+02
6.480192500000000564e+02 4.865000000000000000e+02
6.489067083329999832e+02 4.870000000000000000e+02
6.502079791669999622e+02 4.875000000000000000e+02
6.539526458330000196e+02 4.880000000000000000e+02
6.543592499999999745e+02 4.885000000000000000e+02
6.548293125000000146e+02 4.890000000000000000e+02
6.552656666670000050e+02 4.895000000000000000e+02
6.557430208329999459e+02 4.900000000000000000e+02
6.562034374999999500e+02 4.905000000000000000e+02
6.566232708329999923e+02 4.910000000000000000e+02
6.570315624999999500e+02 4.915000000000000000e+02
6.574693750000000136e+02 4.920000000000000000e+02
6.579419791669999995e+02 4.925000000000000000e+02
6.584075625000000400e+02 4.930000000000000000e+02
6.588803958329999659e+02 4.935000000000000000e+02
6.593569166669999504e+02 4.940000000000000000e+02
6.598428125000000364e+02 4.945000000000000000e+02
6.602889583329999823e+02 4.950000000000000000e+02
6.607594374999999900e+02 4.955000000000000000e+02
6.612123125000000528e+02 4.960000000000000000e+02
6.617097499999999854e+02 4.965000000000000000e+02
6.621932708330000423e+02 4.970000000000000000e+02
6.626801041669999677e+02 4.975000000000000000e+02
6.631357500000000300e+02 4.980000000000000000e+02
6.636599999999999682e+02 4.985000000000000000e+02
6.641828749999999673e+02 4.990000000000000000e+02
6.646855208330000551e+02 4.995000000000000000e+02
6.653261250000000473e+02 5.000000000000000000e+02
6.657283333330000232e+02 5.005000000000000000e+02
6.661688541669999495e+02 5.010000000000000000e+02
6.666340208330000223e+02 5.015000000000000000e+02
6.670864166669999804e+02 5.020000000000000000e+02
6.675269791670000359e+02 5.025000000000000000e+02
6.679457499999999754e+02 5.030000000000000000e+02
6.684128749999999854e+02 5.035000000000000000e+02
6.688872916669999995e+02 5.040000000000000000e+02
6.693656875000000355e+02 5.045000000000000000e+02
6.698028749999999718e+02 5.050000000000000000e+02
6.702820625000000518e+02 5.055000000000000000e+02
6.707838333329999614e+02 5.060000000000000000e+02
6.712097291669999777e+02 5.065000000000000000e+02
6.717050625000000537e+02 5.070000000000000000e+02
6.722682916669999713e+02 5.075000000000000000e+02
6.727580833329999450e+02 5.080000000000000000e+02
6.732416875000000118e+02 5.085000000000000000e+02
6.736634999999999991e+02 5.090000000000000000e+02
6.741594583329999750e+02 5.095000000000000000e+02
6.746368750000000318e+02 5.100000000000000000e+02
6.751090000000000373e+02 5.105000000000000000e+02
6.756776458330000423e+02 5.110000000000000000e+02
6.762026250000000118e+02 5.115000000000000000e+02
6.767743749999999636e+02 5.120000000000000000e+02
6.771731875000000400e+02 5.125000000000000000e+02
6.776061041670000122e+02 5.130000000000000000e+02
6.780717291669999440e+02 5.135000000000000000e+02
6.785378749999999854e+02 5.140000000000000000e+02
6.790209791669999504e+02 5.145000000000000000e+02
6.794796666669999468e+02 5.150000000000000000e+02
6.799715416669999968e+02 5.155000000000000000e+02
6.804310625000000528e+02 5.160000000000000000e+02
6.809207291669999904e+02 5.165000000000000000e+02
6.813951666670000122e+02 5.170000000000000000e+02
6.818712083330000269e+02 5.175000000000000000e+02
6.824551666669999577e+02 5.180000000000000000e+02
6.829511041670000395e+02 5.185000000000000000e+02
6.834134999999999991e+02 5.190000000000000000e+02
6.839220208330000332e+02 5.195000000000000000e+02
6.844067708329999959e+02 5.200000000000000000e+02
6.848838333329999841e+02 5.205000000000000000e+02
6.853804374999999709e+02 5.210000000000000000e+02
6.858494166670000141e+02 5.215000000000000000e+02
6.862843541669999468e+02 5.220000000000000000e+02
6.868027708329999541e+02 5.225000000000000000e+02
6.872402291670000523e+02 5.230000000000000000e+02
6.877275833329999841e+02 5.235000000000000000e+02
6.881756249999999682e+02 5.240000000000000000e+02
6.886600624999999809e+02 5.245000000000000000e+02
6.891151041670000268e+02 5.250000000000000000e+02
6.895772291670000413e+02 5.255000000000000000e+02
6.899925208329999577e+02 5.260000000000000000e+02
6.904720416669999850e+02 5.265000000000000000e+02
6.909161458329999732e+02 5.270000000000000000e+02
6.913599791670000059e+02 5.275000000000000000e+02
6.917995833329999869e+02 5.280000000000000000e+02
6.923607500000000528e+02 5.285000000000000000e+02
6.928582708330000060e+02 5.290000000000000000e+02
6.933774375000000418e+02 5.295000000000000000e+02
6.938145833329999732e+02 5.300000000000000000e+02
6.943182916670000395e+02 5.305000000000000000e+02
6.948397916669999859e+02 5.310000000000000000e+02
6.953773750000000291e+02 5.315000000000000000e+02
6.959059375000000500e+02 5.320000000000000000e+02
6.963692083329999605e+02 5.325000000000000000e+02
6.968873750000000200e+02 5.330000000000000000e+02
6.973892916669999522e+02 5.335000000000000000e+02
6.980420625000000427e+02 5.340000000000000000e+02
6.987511250000000018e+02 5.345000000000000000e+02
6.995157916670000304e+02 5.350000000000000000e+02
7.005868124999999509e+02 5.355000000000000000e+02
7.023545416670000350e+02 5.360000000000000000e+02
7.029017499999999927e+02 5.365000000000000000e+02
7.033677708330000087e+02 5.370000000000000000e+02
7.038346874999999727e+02 5.375000000000000000e+02
7.042855416669999613e+02 5.380000000000000000e+02
7.047959375000000364e+02 5.385000000000000000e+02
7.052615208329999632e+02 5.390000000000000000e+02
7.056757291669999859e+02 5.395000000000000000e+02
7.061578541669999822e+02 5.400000000000000000e+02
7.066287499999999682e+02 5.405000000000000000e+02
7.071283750000000055e+02 5.410000000000000000e+02
7.076634583329999941e+02 5.415000000000000000e+02
7.082257499999999482e+02 5.420000000000000000e+02
7.086599166669999477e+02 5.425000000000000000e+02
7.091533958329999905e+02 5.430000000000000000e+02
7.096811874999999645e+02 5.435000000000000000e+02
7.102177916670000286e+02 5.440000000000000000e+02
7.107497291670000550e+02 5.445000000000000000e+02
7.112354791669999940e+02 5.450000000000000000e+02
7.117313958329999650e+02 5.455000000000000000e+02
7.122146666669999604e+02 5.460000000000000000e+02
7.127308124999999563e+02 5.465000000000000000e+02
7.132094166670000277e+02 5.470000000000000000e+02
7.137660416669999677e+02 5.475000000000000000e+02
7.147418541670000423e+02 5.480000000000000000e+02
7.152400416670000141e+02 5.485000000000000000e+02
7.156876250000000255e+02 5.490000000000000000e+02
7.161713750000000118e+02 5.495000000000000000e+02
7.166958541669999931e+02 5.500000000000000000e+02
7.173233958329999496e+02 5.505000000000000000e+02
7.179927500000000009e+02 5.510000000000000000e+02
7.185245625000000018e+02 5.515000000000000000e+02
7.190513750000000073e+02 5.520000000000000000e+02
7.196372291669999868e+02 5.525000000000000000e+02
7.202495000000000118e+02 5.530000000000000000e+02
7.208745000000000118e+02 5.535000000000000000e+02
7.217661458329999959e+02 5.540000000000000000e+02
7.223125625000000127e+02 5.545000000000000000e+02
7.229459166670000059e+02 5.550000000000000000e+02
7.236141666669999495e+02 5.555000000000000000e+02
7.243670624999999745e+02 5.560000000000000000e+02
7.250363958330000287e+02 5.565000000000000000e+02
7.258475833329999887e+02 5.570000000000000000e+02
7.265140833330000305e+02 5.575000000000000000e+02
7.272628333330000032e+02 5.580000000000000000e+02
7.281420000000000528e+02 5.585000000000000000e+02
7.291386041670000395e+02 5.590000000000000000e+02
7.304923125000000255e+02 5.595000000000000000e+02
7.323052500000000009e+02 5.600000000000000000e+02
7.331906041669999468e+02 5.605000000000000000e+02
7.342347291669999549e+02 5.610000000000000000e+02
7.351507916670000213e+02 5.615000000000000000e+02
7.359801041670000359e+02 5.620000000000000000e+02
7.369016666669999722e+02 5.625000000000000000e+02
7.377379791670000486e+02 5.630000000000000000e+02
7.386741875000000164e+02 5.635000000000000000e+02
7.396842083330000150e+02 5.640000000000000000e+02
7.406100625000000264e+02 5.645000000000000000e+02
7.415656458329999623e+02 5.650000000000000000e+02
7.425390416669999922e+02 5.655000000000000000e+02
7.434999166669999795e+02 5.660000000000000000e+02
7.445080208330000460e+02 5.665000000000000000e+02
7.454178749999999809e+02 5.670000000000000000e+02
7.463394583330000387e+02 5.675000000000000000e+02
7.472209374999999909e+02 5.680000000000000000e+02
7.481444166669999731e+02 5.685000000000000000e+02
7.490580833330000132e+02 5.690000000000000000e+02
7.498671041669999795e+02 5.695000000000000000e+02
7.506536250000000337e+02 5.700000000000000000e+02
7.514334166669999604e+02 5.705000000000000000e+02
7.522089166670000395e+02 5.710000000000000000e+02
7.530652916669999968e+02 5.715000000000000000e+02
7.542083750000000464e+02 5.720000000000000000e+02
7.551705833329999678e+02 5.725000000000000000e+02
7.560263541670000222e+02 5.730000000000000000e+02
7.569665416670000013e+02 5.735000000000000000e+02
7.578461041670000213e+02 5.740000000000000000e+02
7.586495833330000096e+02 5.745000000000000000e+02
7.594151041669999813e+02 5.750000000000000000e+02
7.602034166670000559e+02 5.755000000000000000e+02
7.610805833330000496e+02 5.760000000000000000e+02
7.619687708330000078e+02 5.765000000000000000e+02
7.628060208330000478e+02 5.770000000000000000e+02
7.636534791670000004e+02 5.775000000000000000e+02
7.644653958330000023e+02 5.780000000000000000e+02
7.652819791670000313e+02 5.785000000000000000e+02
7.661421874999999773e+02 5.790000000000000000e+02
7.671016041670000050e+02 5.795000000000000000e+02
7.680801666669999577e+02 5.800000000000000000e+02
7.689571250000000191e+02 5.805000000000000000e+02
7.697404374999999845e+02 5.810000000000000000e+02
7.704968333330000405e+02 5.815000000000000000e+02
7.713034166669999649e+02 5.820000000000000000e+02
7.721563750000000255e+02 5.825000000000000000e+02
7.729315000000000282e+02 5.830000000000000000e+02
7.737993333330000496e+02 5.835000000000000000e+02
7.751965416670000195e+02 5.840000000000000000e+02
7.760307500000000118e+02 5.845000000000000000e+02
7.768759583329999714e+02 5.850000000000000000e+02
7.777017291670000532e+02 5.855000000000000000e+02
7.786670000000000300e+02 5.860000000000000000e+02
7.795249999999999773e+02 5.865000000000000000e+02
7.802692291670000486e+02 5.870000000000000000e+02
7.813396249999999554e+02 5.875000000000000000e+02
7.824117291669999759e+02 5.880000000000000000e+02
7.833375416669999822e+02 5.885000000000000000e+02
7.842368958329999487e+02 5.890000000000000000e+02
7.850813333329999750e+02 5.895000000000000000e+02
7.859807916669999486e+02 5.900000000000000000e+02
7.867680625000000418e+02 5.905000000000000000e+02
7.875884999999999536e+02 5.910000000000000000e+02
7.884298958330000460e+02 5.915000000000000000e+02
7.893006458329999759e+02 5.920000000000000000e+02
7.901216041669999868e+02 5.925000000000000000e+02
7.909257499999999936e+02 5.930000000000000000e+02
7.918238750000000437e+02 5.935000000000000000e+02
7.926206666670000232e+02 5.940000000000000000e+02
7.934684999999999491e+02 5.945000000000000000e+02
7.942058124999999791e+02 5.950000000000000000e+02
7.951283541669999977e+02 5.955000000000000000e+02
7.960226041670000541e+02 5.960000000000000000e+02
7.968484166670000377e+02 5.965000000000000000e+02
7.977467708330000278e+02 5.970000000000000000e+02
7.985931249999999864e+02 5.975000000000000000e+02
7.993643749999999955e+02 5.980000000000000000e+02
8.001309999999999718e+02 5.985000000000000000e+02
8.009458333329999959e+02 5.990000000000000000e+02
8.017606875000000173e+02 5.995000000000000000e+02
8.026029375000000528e+02 6.000000000000000000e+02
8.034758749999999736e+02 6.005000000000000000e+02
8.043244999999999436e+02 6.010000000000000000e+02
8.051772499999999582e+02 6.015000000000000000e+02
8.060899166670000113e+02 6.020000000000000000e+02
8.069977708330000041e+02 6.025000000000000000e+02
8.079087500000000546e+02 6.030000000000000000e+02
8.087145000000000437e+02 6.035000000000000000e+02
8.096222291670000004e+02 6.040000000000000000e+02
8.104365000000000236e+02 6.045000000000000000e+02
8.112698333329999514e+02 6.050000000000000000e+02
8.121884999999999764e+02 6.055000000000000000e+02
8.130712291669999559e+02 6.060000000000000000e+02
8.140149166669999659e+02 6.065000000000000000e+02
8.148788958330000014e+02 6.070000000000000000e+02
8.157047291669999822e+02 6.075000000000000000e+02
8.164891666669999495e+02 6.080000000000000000e+02
8.173079583329999878e+02 6.085000000000000000e+02
8.181762708329999896e+02 6.090000000000000000e+02
8.190123125000000073e+02 6.095000000000000000e+02
8.198107916669999895e+02 6.100000000000000000e+02
8.206257500000000391e+02 6.105000000000000000e+02
8.213332291670000131e+02 6.110000000000000000e+02
8.221512916670000095e+02 6.115000000000000000e+02
8.230403750000000400e+02 6.120000000000000000e+02
8.239560625000000300e+02 6.125000000000000000e+02
8.247654791669999668e+02 6.130000000000000000e+02
8.256903333330000123e+02 6.135000000000000000e+02
8.266614791670000386e+02 6.140000000000000000e+02
8.274645833329999505e+02 6.145000000000000000e+02
8.283001249999999800e+02 6.150000000000000000e+02
8.291565624999999500e+02 6.155000000000000000e+02
8.299249375000000555e+02 6.160000000000000000e+02
8.307636250000000473e+02 6.165000000000000000e+02
8.315526458330000423e+02 6.170000000000000000e+02
8.323535624999999527e+02 6.175000000000000000e+02
8.331647291670000186e+02 6.180000000000000000e+02
8.340502916670000104e+02 6.185000000000000000e+02
8.349182916669999486e+02 6.190000000000000000e+02
8.357408541669999522e+02 6.195000000000000000e+02
8.365680624999999964e+02 6.200000000000000000e+02
8.373814999999999600e+02 6.205000000000000000e+02
8.381875416670000050e+02 6.210000000000000000e+02
8.390777916670000423e+02 6.215000000000000000e+02
8.400307291670000041e+02 6.220000000000000000e+02
8.408455208330000232e+02 6.225000000000000000e+02
8.416996249999999691e+02 6.230000000000000000e+02
8.424750416670000277e+02 6.235000000000000000e+02
8.432660416669999677e+02 6.240000000000000000e+02
8.441168750000000500e+02 6.245000000000000000e+02
8.449228124999999636e+02 6.250000000000000000e+02
8.457230208329999641e+02 6.255000000000000000e+02
8.465152500000000373e+02 6.260000000000000000e+02
8.473681249999999636e+02 6.265000000000000000e+02
8.481532708329999650e+02 6.270000000000000000e+02
8.489765208329999950e+02 6.275000000000000000e+02
8.498415208330000041e+02 6.280000000000000000e+02
8.506440000000000055e+02 6.285000000000000000e+02
8.515300833329999932e+02 6.290000000000000000e+02
8.523303541669999959e+02 6.295000000000000000e+02
8.530716666670000450e+02 6.300000000000000000e+02
8.538714374999999563e+02 6.305000000000000000e+02
8.546281874999999673e+02 6.310000000000000000e+02
8.553864166670000486e+02 6.315000000000000000e+02
8.560899166670000113e+02 6.320000000000000000e+02
8.568793541669999740e+02 6.325000000000000000e+02
8.577058541669999840e+02 6.330000000000000000e+02
8.585704791670000304e+02 6.335000000000000000e+02
8.593602916669999559e+02 6.340000000000000000e+02
8.601371874999999818e+02 6.345000000000000000e+02
8.609502708329999905e+02 6.350000000000000000e+02
8.617713958330000423e+02 6.355000000000000000e+02
8.626058749999999691e+02 6.360000000000000000e+02
8.634331875000000309e+02 6.365000000000000000e+02
8.642699374999999691e+02 6.370000000000000000e+02
8.651098333329999832e+02 6.375000000000000000e+02
8.658233541670000477e+02 6.380000000000000000e+02
8.666307916670000395e+02 6.385000000000000000e+02
8.675520833330000414e+02 6.390000000000000000e+02
8.684023958330000141e+02 6.395000000000000000e+02
8.694911666670000159e+02 6.400000000000000000e+02
8.703474166669999477e+02 6.405000000000000000e+02
8.712168541669999513e+02 6.410000000000000000e+02
8.719586041669999759e+02 6.415000000000000000e+02
8.727495416670000168e+02 6.420000000000000000e+02
8.735842916670000022e+02 6.425000000000000000e+02
8.743637291669999740e+02 6.430000000000000000e+02
8.751298749999999700e+02 6.435000000000000000e+02
8.758126458330000332e+02 6.440000000000000000e+02
8.766447916670000495e+02 6.445000000000000000e+02
8.774748333329999923e+02 6.450000000000000000e+02
8.782012708329999668e+02 6.455000000000000000e+02
8.789256458329999759e+02 6.460000000000000000e+02
8.797298124999999800e+02 6.465000000000000000e+02
8.805306666669999913e+02 6.470000000000000000e+02
8.812628541670000004e+02 6.475000000000000000e+02
8.820185208330000250e+02 6.480000000000000000e+02
8.828213749999999891e+02 6.485000000000000000e+02
8.835598541670000259e+02 6.490000000000000000e+02
8.843470833330000005e+02 6.495000000000000000e+02
8.851830416669999977e+02 6.500000000000000000e+02
8.859614166669999804e+02 6.505000000000000000e+02
8.867711666669999886e+02 6.510000000000000000e+02
8.875692708330000187e+02 6.515000000000000000e+02
8.883270833330000187e+02 6.520000000000000000e+02
8.891306458330000169e+02 6.525000000000000000e+02
8.899546041669999568e+02 6.530000000000000000e+02
8.907188125000000127e+02 6.535000000000000000e+02
8.914904791669999895e+02 6.540000000000000000e+02
8.923282708330000332e+02 6.545000000000000000e+02
8.931454166669999495e+02 6.550000000000000000e+02
8.939142708330000460e+02 6.555000000000000000e+02
8.947055208330000369e+02 6.560000000000000000e+02
8.955170000000000528e+02 6.565000000000000000e+02
8.962373750000000427e+02 6.570000000000000000e+02
8.970089583330000096e+02 6.575000000000000000e+02
8.978387083329999996e+02 6.580000000000000000e+02
8.987084583329999532e+02 6.585000000000000000e+02
8.995681458330000169e+02 6.590000000000000000e+02
9.003331666670000004e+02 6.595000000000000000e+02
9.011328125000000000e+02 6.600000000000000000e+02
9.019542083329999969e+02 6.605000000000000000e+02
9.028934583330000123e+02 6.610000000000000000e+02
9.037445625000000291e+02 6.615000000000000000e+02
9.046006875000000491e+02 6.620000000000000000e+02
9.054666875000000346e+02 6.625000000000000000e+02
9.062611249999999927e+02 6.630000000000000000e+02
9.071023958329999459e+02 6.635000000000000000e+02
9.082951666669999895e+02 6.640000000000000000e+02
9.091644791669999677e+02 6.645000000000000000e+02
9.100854791670000168e+02 6.650000000000000000e+02
9.108744166669999913e+02 6.655000000000000000e+02
9.116977083330000369e+02 6.660000000000000000e+02
9.124483750000000555e+02 6.665000000000000000e+02
9.132746041670000068e+02 6.670000000000000000e+02
9.140542708330000323e+02 6.675000000000000000e+02
9.147424999999999500e+02 6.680000000000000000e+02
9.155544791669999540e+02 6.685000000000000000e+02
9.165412083329999859e+02 6.690000000000000000e+02
9.173996458330000223e+02 6.695000000000000000e+02
9.186022708330000341e+02 6.700000000000000000e+02
9.194199583329999541e+02 6.705000000000000000e+02
9.201688749999999573e+02 6.710000000000000000e+02
9.210301249999999982e+02 6.715000000000000000e+02
9.219890416670000377e+02 6.720000000000000000e+02
9.229797499999999673e+02 6.725000000000000000e+02
9.239024583330000269e+02 6.730000000000000000e+02
9.248272916670000541e+02 6.735000000000000000e+02
9.258483125000000200e+02 6.740000000000000000e+02
9.267492916669999659e+02 6.745000000000000000e+02
9.276565000000000509e+02 6.750000000000000000e+02
9.285009166669999559e+02 6.755000000000000000e+02
9.295473124999999754e+02 6.760000000000000000e+02
9.305752708329999905e+02 6.765000000000000000e+02
9.315474166669999931e+02 6.770000000000000000e+02
9.325370416670000395e+02 6.775000000000000000e+02
9.336330208330000460e+02 6.780000000000000000e+02
9.346426249999999527e+02 6.785000000000000000e+02
9.357763750000000300e+02 6.790000000000000000e+02
9.368482083330000023e+02 6.795000000000000000e+02
9.377968958330000078e+02 6.800000000000000000e+02
9.387122916670000450e+02 6.805000000000000000e+02
9.397561249999999973e+02 6.810000000000000000e+02
9.407976250000000391e+02 6.815000000000000000e+02
9.418506875000000491e+02 6.820000000000000000e+02
9.428096458329999905e+02 6.825000000000000000e+02
9.438666249999999991e+02 6.830000000000000000e+02
9.448079999999999927e+02 6.835000000000000000e+02
9.459665416670000013e+02 6.840000000000000000e+02
9.469002708330000360e+02 6.845000000000000000e+02
9.476739791669999704e+02 6.850000000000000000e+02
9.484857500000000528e+02 6.855000000000000000e+02
9.494043541669999513e+02 6.860000000000000000e+02
9.505064166670000532e+02 6.865000000000000000e+02
9.515645208329999605e+02 6.870000000000000000e+02
9.525509166670000241e+02 6.875000000000000000e+02
9.537397708329999659e+02 6.880000000000000000e+02
9.547983333329999596e+02 6.885000000000000000e+02
9.557440208330000360e+02 6.890000000000000000e+02
9.566598541670000486e+02 6.895000000000000000e+02
9.577973124999999754e+02 6.900000000000000000e+02
9.586924999999999955e+02 6.905000000000000000e+02
9.595080000000000382e+02 6.910000000000000000e+02
9.603767291670000077e+02 6.915000000000000000e+02
9.613455000000000155e+02 6.920000000000000000e+02
9.623113749999999982e+02 6.925000000000000000e+02
9.631694583329999659e+02 6.930000000000000000e+02
9.640976666669999986e+02 6.935000000000000000e+02
9.650031249999999545e+02 6.940000000000000000e+02
9.658529583329999468e+02 6.945000000000000000e+02
9.666576458329999468e+02 6.950000000000000000e+02
9.676821458330000496e+02 6.955000000000000000e+02
9.689795416670000350e+02 6.960000000000000000e+02
9.699801250000000437e+02 6.965000000000000000e+02
9.709026249999999436e+02 6.970000000000000000e+02
9.718729166670000268e+02 6.975000000000000000e+02
9.727665208329999587e+02 6.980000000000000000e+02
9.736282499999999800e+02 6.985000000000000000e+02
9.745340625000000045e+02 6.990000000000000000e+02
9.753888958329999923e+02 6.995000000000000000e+02
9.761984999999999673e+02 7.000000000000000000e+02
9.771300625000000082e+02 7.005000000000000000e+02
9.779915208329999814e+02 7.010000000000000000e+02
9.788537916669999959e+02 7.015000000000000000e+02
9.798254791670000259e+02 7.020000000000000000e+02
9.807885833330000196e+02 7.025000000000000000e+02
9.817969791670000177e+02 7.030000000000000000e+02
9.831402291670000295e+02 7.035000000000000000e+02
9.856066666670000131e+02 7.040000000000000000e+02
9.864934791670000322e+02 7.045000000000000000e+02
9.874832083329999932e+02 7.050000000000000000e+02
9.883936875000000555e+02 7.055000000000000000e+02
9.893388958330000378e+02 7.060000000000000000e+02
9.899830416669999522e+02 7.065000000000000000e+02
9.906876458330000332e+02 7.070000000000000000e+02
9.914340208329999768e+02 7.075000000000000000e+02
9.921941874999999982e+02 7.080000000000000000e+02
9.930362291669999877e+02 7.085000000000000000e+02
9.937827499999999645e+02 7.090000000000000000e+02
9.945435625000000073e+02 7.095000000000000000e+02
9.953946250000000191e+02 7.100000000000000000e+02
9.961754791670000486e+02 7.105000000000000000e+02
9.969084583329999987e+02 7.110000000000000000e+02
9.976627083329999550e+02 7.115000000000000000e+02
9.984698958330000096e+02 7.120000000000000000e+02
9.992432708329999969e+02 7.125000000000000000e+02
1.000091770833000055e+03 7.130000000000000000e+02
1.000856812500000046e+03 7.135000000000000000e+02
1.001850187499999947e+03 7.140000000000000000e+02
1.002517749999999978e+03 7.145000000000000000e+02
1.003200541667000039e+03 7.150000000000000000e+02
1.003966729167000040e+03 7.155000000000000000e+02
1.004800187499999993e+03 7.160000000000000000e+02
1.005583229167000013e+03 7.165000000000000000e+02
1.006393416666999997e+03 7.170000000000000000e+02
1.007132624999999962e+03 7.175000000000000000e+02
1.007824499999999944e+03 7.180000000000000000e+02
1.008541916667000010e+03 7.185000000000000000e+02
1.009338812500000017e+03 7.190000000000000000e+02
1.010109291666999979e+03 7.195000000000000000e+02
1.011136895833000040e+03 7.200000000000000000e+02
1.011991520832999981e+03 7.205000000000000000e+02
1.012806416667000008e+03 7.210000000000000000e+02
1.013570791666999980e+03 7.215000000000000000e+02
1.014355187500000056e+03 7.220000000000000000e+02
1.015187020833000020e+03 7.225000000000000000e+02
1.015918812499999945e+03 7.230000000000000000e+02
1.016693479166999964e+03 7.235000000000000000e+02
1.017494749999999954e+03 7.240000000000000000e+02
1.018360874999999965e+03 7.245000000000000000e+02
1.019180437500000039e+03 7.250000000000000000e+02
1.019929062499999986e+03 7.255000000000000000e+02
1.020660458332999951e+03 7.260000000000000000e+02
1.021481895832999953e+03 7.265000000000000000e+02
1.022369270832999973e+03 7.270000000000000000e+02
1.023240562500000010e+03 7.275000000000000000e+02
1.024555479166999930e+03 7.280000000000000000e+02
1.025422499999999900e+03 7.285000000000000000e+02
1.026184583333000091e+03 7.290000000000000000e+02
1.026908750000000055e+03 7.295000000000000000e+02
1.027699104167000087e+03 7.300000000000000000e+02
1.028405437500000062e+03 7.305000000000000000e+02
1.029118895832999897e+03 7.310000000000000000e+02
1.029786166667000089e+03 7.315000000000000000e+02
1.030473437500000045e+03 7.320000000000000000e+02
1.031186999999999898e+03 7.325000000000000000e+02
1.031958645832999991e+03 7.330000000000000000e+02
1.032686729167000067e+03 7.335000000000000000e+02
1.033479624999999942e+03 7.340000000000000000e+02
1.034121354166999936e+03 7.345000000000000000e+02
1.034780708332999893e+03 7.350000000000000000e+02
1.035461437500000102e+03 7.355000000000000000e+02
1.036185520833000055e+03 7.360000000000000000e+02
1.036897854167000105e+03 7.365000000000000000e+02
1.037703354167000043e+03 7.370000000000000000e+02
1.038467083332999891e+03 7.375000000000000000e+02
1.039374937499999987e+03 7.380000000000000000e+02
1.040003270832999988e+03 7.385000000000000000e+02
1.040676645833000066e+03 7.390000000000000000e+02
1.041361270832999935e+03 7.395000000000000000e+02
1.042079208332999997e+03 7.400000000000000000e+02
1.042812854167000069e+03 7.405000000000000000e+02
1.043660750000000007e+03 7.410000000000000000e+02
1.044441250000000082e+03 7.415000000000000000e+02
1.045305541666999943e+03 7.420000000000000000e+02
1.045945020832999944e+03 7.425000000000000000e+02
1.046664520833000097e+03 7.430000000000000000e+02
1.047390041667000105e+03 7.435000000000000000e+02
1.048162000000000035e+03 7.440000000000000000e+02
1.048877041666999958e+03 7.445000000000000000e+02
1.049604520832999924e+03 7.450000000000000000e+02
1.050346020833000011e+03 7.455000000000000000e+02
1.051176750000000084e+03 7.460000000000000000e+02
1.051917895833000102e+03 7.465000000000000000e+02
1.052657895833000111e+03 7.470000000000000000e+02
1.053431499999999915e+03 7.475000000000000000e+02
1.054188791667000032e+03 7.480000000000000000e+02
1.054831791667000061e+03 7.485000000000000000e+02
1.055559083332999990e+03 7.490000000000000000e+02
1.056274458332999984e+03 7.495000000000000000e+02
1.056984625000000051e+03 7.500000000000000000e+02
1.057720333333000099e+03 7.505000000000000000e+02
1.058463395833000050e+03 7.510000000000000000e+02
1.059211312500000076e+03 7.515000000000000000e+02
1.060204395833000035e+03 7.520000000000000000e+02
1.060932687499999929e+03 7.525000000000000000e+02
1.061596333333000075e+03 7.530000000000000000e+02
1.062278541666999899e+03 7.535000000000000000e+02
1.063006458332999955e+03 7.540000000000000000e+02
1.063819187499999998e+03 7.545000000000000000e+02
1.064543312499999956e+03 7.550000000000000000e+02
1.065233729167000092e+03 7.555000000000000000e+02
1.065986458332999973e+03 7.560000000000000000e+02
1.066746270832999926e+03 7.565000000000000000e+02
1.067596104167000021e+03 7.570000000000000000e+02
1.068391916667000032e+03 7.575000000000000000e+02
1.069164041666999992e+03 7.580000000000000000e+02
1.069981916666999950e+03 7.585000000000000000e+02
1.070767666666999958e+03 7.590000000000000000e+02
1.071613395832999913e+03 7.595000000000000000e+02
1.073280395833000057e+03 7.600000000000000000e+02
1.073964104166999959e+03 7.605000000000000000e+02
1.074617937499999925e+03 7.610000000000000000e+02
1.075280145833000006e+03 7.615000000000000000e+02
1.076179833333000033e+03 7.620000000000000000e+02
1.076795958333000044e+03 7.625000000000000000e+02
1.077454812499999889e+03 7.630000000000000000e+02
1.078191062500000044e+03 7.635000000000000000e+02
1.078848104166999974e+03 7.640000000000000000e+02
1.079537395832999891e+03 7.645000000000000000e+02
1.080264812500000062e+03 7.650000000000000000e+02
1.080822374999999965e+03 7.655000000000000000e+02
1.081458562499999971e+03 7.660000000000000000e+02
1.082063750000000027e+03 7.665000000000000000e+02
1.082841395832999979e+03 7.670000000000000000e+02
1.083490354167000078e+03 7.675000000000000000e+02
1.084111604166999996e+03 7.680000000000000000e+02
1.084838937499999929e+03 7.685000000000000000e+02
1.085649645833000022e+03 7.690000000000000000e+02
1.086452770832999931e+03 7.695000000000000000e+02
1.087145520833000091e+03 7.700000000000000000e+02
1.087785104167000100e+03 7.705000000000000000e+02
1.088517354166999894e+03 7.710000000000000000e+02
1.089298687499999915e+03 7.715000000000000000e+02
1.090188208332999920e+03 7.720000000000000000e+02
1.090986833333000050e+03 7.725000000000000000e+02
1.091816708332999951e+03 7.730000000000000000e+02
1.092529395833000081e+03 7.735000000000000000e+02
1.093276125000000093e+03 7.740000000000000000e+02
1.094107562500000085e+03 7.745000000000000000e+02
1.094859375000000000e+03 7.750000000000000000e+02
1.096234937499999887e+03 7.755000000000000000e+02
1.097796250000000100e+03 7.760000000000000000e+02
1.098478604166999958e+03 7.765000000000000000e+02
1.099066708332999951e+03 7.770000000000000000e+02
1.099662083333000055e+03 7.775000000000000000e+02
1.100305687499999976e+03 7.780000000000000000e+02
1.100887291667000000e+03 7.785000000000000000e+02
1.101508916666999994e+03 7.790000000000000000e+02
1.102094020833000059e+03 7.795000000000000000e+02
1.102691312500000095e+03 7.800000000000000000e+02
1.103309145833000002e+03 7.805000000000000000e+02
1.103895416667000063e+03 7.810000000000000000e+02
1.104473812499999894e+03 7.815000000000000000e+02
1.105007291666999890e+03 7.820000000000000000e+02
1.105538541666999890e+03 7.825000000000000000e+02
1.106144479167000100e+03 7.830000000000000000e+02
1.106673229167000045e+03 7.835000000000000000e+02
1.107374291667000080e+03 7.840000000000000000e+02
1.107920749999999998e+03 7.845000000000000000e+02
1.108513187499999958e+03 7.850000000000000000e+02
1.109118666667000070e+03 7.855000000000000000e+02
1.109708937500000047e+03 7.860000000000000000e+02
1.110371312499999931e+03 7.865000000000000000e+02
1.110976729167000030e+03 7.870000000000000000e+02
1.111560645833000081e+03 7.875000000000000000e+02
1.112162708332999955e+03 7.880000000000000000e+02
1.112721812499999942e+03 7.885000000000000000e+02
1.113268208333000075e+03 7.890000000000000000e+02
1.113778333333000091e+03 7.895000000000000000e+02
1.114328874999999925e+03 7.900000000000000000e+02
1.114841854167000065e+03 7.905000000000000000e+02
1.115444874999999911e+03 7.910000000000000000e+02
1.115963874999999916e+03 7.915000000000000000e+02
1.116551416667000012e+03 7.920000000000000000e+02
1.117192166667000038e+03 7.925000000000000000e+02
1.117829583333000073e+03 7.930000000000000000e+02
1.118483500000000049e+03 7.935000000000000000e+02
1.119157145832999959e+03 7.940000000000000000e+02
1.119775875000000042e+03 7.945000000000000000e+02
1.120317604166999899e+03 7.950000000000000000e+02
1.121035041667000087e+03 7.955000000000000000e+02
1.121749020833000031e+03 7.960000000000000000e+02
1.122385583333000113e+03 7.965000000000000000e+02
1.123180354166999905e+03 7.970000000000000000e+02
1.123747749999999996e+03 7.975000000000000000e+02
1.124383770832999971e+03 7.980000000000000000e+02
1.125039562500000102e+03 7.985000000000000000e+02
1.125764541667000003e+03 7.990000000000000000e+02
1.126394458333000102e+03 7.995000000000000000e+02
1.126991791666999916e+03 8.000000000000000000e+02
1.127681270833000099e+03 8.005000000000000000e+02
1.128409229166999921e+03 8.010000000000000000e+02
1.129071999999999889e+03 8.015000000000000000e+02
1.129810999999999922e+03 8.020000000000000000e+02
1.130402208333000090e+03 8.025000000000000000e+02
1.131027020833000051e+03 8.030000000000000000e+02
1.131734708333000071e+03 8.035000000000000000e+02
1.132495291666999947e+03 8.040000000000000000e+02
1.133040062499999976e+03 8.045000000000000000e+02
1.133737562499999967e+03 8.050000000000000000e+02
1.134307458333000113e+03 8.055000000000000000e+02
1.135017666666999958e+03 8.060000000000000000e+02
1.135788812499999949e+03 8.065000000000000000e+02
1.136481937499999958e+03 8.070000000000000000e+02
1.137197958333000088e+03 8.075000000000000000e+02
1.138005208332999928e+03 8.080000000000000000e+02
